#Read, #Constraints, SolvingTime(ms)
35966 20656 2130
36867 21142 2570
37768 21628 2990
39625 22666 3750
40600 23256 4490
41575 23846 5230
43426 24886 5680
44328 25374 6080
45230 25862 6480
47050 26902 7200
47987 27492 7910
48924 28082 8630
65459 37954 10600
66400 38556 11290
67341 39158 11980
68282 39760 12680
69223 40362 13420
70164 40964 14130
71105 41566 14860
72046 42168 15590
72987 42770 16300
73928 43372 17050
74869 43974 17760
75810 44576 18460
76751 45178 19170
77692 45780 19920
78633 46382 20620
79574 46984 21330
80515 47586 22060
81458 48188 22770
82399 48790 23490
83340 49392 24170
84281 49994 24950
85222 50596 25660
86163 51198 26380
87104 51800 27100
88045 52402 27830
88986 53004 28530
89927 53606 29270
90868 54208 30020
91809 54810 30720
92750 55412 31430
94684 56598 32870
95660 57206 33610
96636 57814 34320
97612 58422 35070
98588 59030 35750
99564 59638 36500
100540 60246 37220
101516 60854 37970
102492 61462 38700
103468 62070 39450
104444 62678 40140
105420 63286 40840
106396 63894 41550
107372 64502 42250
108348 65110 43000
109324 65718 43720
110300 66326 44480
111278 66934 45230
112254 67542 45940
113230 68150 46770
114206 68758 47570
115182 69366 48350
116158 69974 49050
117134 70582 49780
118110 71190 50490
119086 71798 51300
120062 72406 52210
121038 73014 52970
122014 73622 53690
122990 74230 54460
123966 74838 55210
124942 75446 55920
125918 76054 56670
126894 76662 57410
127870 77270 58120
128846 77878 58830
130779 79050 60680
131753 79652 61680
132727 80254 62670
133701 80856 63360
134675 81458 64060
135649 82060 64800
136623 82662 65500
137597 83264 66220
138571 83866 66930
139545 84468 67640
140519 85070 68350
141493 85672 69070
142467 86274 69740
143441 86876 70470
144415 87478 71200
145389 88080 71890
146363 88682 73320
147337 89284 74060
148311 89886 74850
149285 90488 75550
150259 91090 76250
151233 91692 76970
152207 92294 77670
153181 92896 78380
154155 93498 79120
155129 94100 79870
156103 94702 80600
157077 95304 81340
158051 95906 82060
159948 97092 83430
160886 97700 84190
161824 98308 84900
162762 98916 85620
163700 99524 86310
164638 100132 87040
165576 100740 87810
166514 101348 88560
167452 101956 89340
168390 102564 90080
169328 103172 90860
170266 103780 91580
171204 104388 92280
172142 104996 93020
173080 105604 93730
174018 106212 94440
174961 106820 95450
175899 107428 96190
176837 108036 96930
177775 108644 97680
178751 109252 98410
179689 109860 99120
180627 110468 99850
181565 111076 100560
182503 111684 101270
183441 112292 101970
184382 112900 102710
185320 113508 103430
186258 114116 104190
187196 114724 104940
188134 115332 105670
189072 115940 106380
190010 116548 107140
190948 117156 107870
191886 117764 108640
6637 1882 380
7287 2118 600
7937 2354 820
8587 2590 1020
9237 2826 1240
9887 3062 1450
10537 3298 1670
11187 3534 1870
11837 3770 2080
12489 4006 2290
13139 4242 2500
13789 4478 2710
14439 4714 2910
15089 4950 3120
16450 5418 3360
17135 5658 3560
17820 5898 3760
18505 6138 3980
19190 6378 4190
19875 6618 4400
20560 6858 4600
21245 7098 4830
21930 7338 5030
22617 7578 5250
23302 7818 5490
23987 8058 5710
24672 8298 5930
25357 8538 6150
26042 8778 6370
26727 9018 6570
27412 9258 6790
28097 9498 7000
29457 9956 7230
30140 10192 7440
30823 10428 7670
31506 10664 7870
32189 10900 8060
32872 11136 8260
33555 11372 8460
34238 11608 8660
34921 11844 9110
35604 12080 9390
36287 12316 9610
36970 12552 9830
37653 12788 10030
38977 13256 10280
39624 13496 10490
40271 13736 10700
40918 13976 10910
41565 14216 11140
42212 14456 11380
42859 14696 11590
43506 14936 11810
44158 15176 12150
44843 15416 12410
45490 15656 12640
46137 15896 12850
46784 16136 13070
47431 16376 13310
48078 16616 13540
48728 16856 13760
49375 17096 13980
6675 1908 370
7360 2146 580
8045 2384 770
8730 2622 970
9415 2860 1180
10100 3098 1390
10785 3336 1590
11470 3574 1800
12155 3812 2000
12842 4050 2210
13527 4288 2420
14212 4526 2630
14897 4764 2840
15582 5002 3060
16948 5474 3300
17635 5716 3510
18322 5958 3730
19009 6200 3940
19696 6442 4160
20383 6684 4360
21070 6926 4580
21757 7168 4790
22444 7410 5010
23133 7652 5240
23820 7894 5460
24507 8136 5700
25194 8378 5910
25881 8620 6130
26568 8862 6340
27255 9104 6560
27942 9346 6770
28629 9588 6980
29960 10050 7210
30612 10288 7410
31264 10526 7620
31916 10764 7830
32568 11002 8050
33220 11240 8250
33872 11478 8460
34524 11716 8660
35176 11954 9020
35828 12192 9190
36480 12430 9340
37132 12668 9500
37784 12906 9650
39149 13378 9820
39836 13620 9980
40523 13862 10140
41210 14104 10290
41897 14346 10440
42584 14588 10600
43271 14830 10760
43958 15072 10910
44645 15314 11540
45332 15556 11710
46019 15798 11870
46706 16040 12040
47393 16282 12190
48080 16524 12340
48767 16766 12500
49454 17008 12660
50141 17250 12820
6642 1908 260
7327 2146 420
8012 2384 580
8697 2622 730
9382 2860 890
10067 3098 1050
10752 3336 1200
11437 3574 1350
12091 3812 1510
12776 4050 1660
13461 4288 1810
14146 4526 1970
14831 4764 2120
15516 5002 2270
16882 5474 2440
17569 5716 2590
18256 5958 2740
18943 6200 2900
19630 6442 3050
20317 6684 3210
21004 6926 3360
21691 7168 3530
22380 7410 3690
23067 7652 3850
23754 7894 4010
24441 8136 4190
25128 8378 4350
25815 8620 4500
26502 8862 4650
27189 9104 4810
27876 9346 4970
28563 9588 5130
29927 10050 5290
30612 10288 5440
31297 10526 5590
31982 10764 5740
32667 11002 5900
33352 11240 6050
34037 11478 6200
34722 11716 6470
35407 11954 6640
36092 12192 6810
36777 12430 6960
37462 12668 7110
38147 12906 7270
39513 13378 7440
40200 13620 7600
40887 13862 7750
41574 14104 7900
42261 14346 8050
42948 14588 8210
43635 14830 8370
44322 15072 9860
45009 15314 10070
45696 15556 10240
46383 15798 10400
47070 16040 10550
47757 16282 10710
48444 16524 10870
49131 16766 11030
49818 17008 11190
50505 17250 11340
38 3 10
78 11 20
116 14 30
194 25 40
232 28 50
13 8 0
24 11 0
37 19 0
48 22 0
38 3 10
78 11 20
116 14 30
192 20 40
232 28 50
18 2 0
43 3 0
88 11 10
131 14 20
219 25 30
262 28 40
29 2 0
