#Read, #Constraints, SolvingTime(ms)
8 26 10
16 52 10
24 78 10
32 104 10
39 130 20
47 156 20
51 182 30
60 208 40
66 234 40
80 289 40
86 315 40
92 341 50
101 367 50
107 393 50
120 448 50
127 474 50
134 500 50
143 526 50
150 552 50
165 607 60
173 633 60
181 659 60
189 685 60
198 711 60
212 767 60
217 794 60
221 821 70
221 821 70
228 848 80
234 874 90
239 900 100
246 926 100
254 952 110
262 978 120
276 1033 130
284 1059 140
292 1085 150
300 1111 160
307 1137 170
322 1192 180
331 1218 190
339 1244 200
347 1270 210
354 1296 220
372 1351 230
381 1377 240
390 1403 250
399 1429 260
408 1455 270
0 0 0
1 10 0
3 20 10
7 30 10
10 40 10
11 45 10
13 52 10
16 61 10
21 74 10
25 85 10
28 103 10
29 108 10
32 121 10
34 134 10
39 162 10
42 175 10
49 203 10
53 216 10
0 0 0
1 12 0
4 24 0
6 36 10
10 48 10
11 53 10
13 68 20
17 83 20
20 98 30
25 113 30
28 133 30
31 148 40
36 163 50
40 178 60
46 193 70
49 215 70
52 230 70
54 245 70
56 260 80
60 275 80
63 290 80
67 322 80
72 337 80
76 352 90
82 384 90
88 399 100
93 414 100
0 0 0
2 14 10
3 28 10
7 42 20
10 56 20
11 61 20
14 78 30
16 95 30
21 112 30
25 129 40
28 151 40
32 168 50
35 185 50
41 202 50
46 219 60
51 255 70
56 272 70
60 289 80
67 306 80
73 323 80
78 359 90
79 364 90
83 381 90
86 398 100
89 415 100
91 432 100
96 449 100
100 466 100
105 502 110
108 519 120
114 536 120
119 553 120
126 589 120
130 606 130
137 623 140
143 640 140
1 16 10
1 16 10
4 32 10
6 48 10
10 64 20
12 83 30
13 88 30
17 107 40
20 126 50
25 145 60
29 169 70
31 188 80
36 207 90
40 226 100
46 245 110
52 285 120
55 304 120
61 323 120
66 342 130
73 361 140
81 401 140
85 420 140
92 439 150
98 458 160
106 477 170
113 517 170
115 536 180
116 541 180
121 560 180
125 579 190
129 598 200
132 617 210
134 636 220
140 655 230
145 674 240
151 714 250
155 733 250
158 752 260
165 771 260
171 790 260
179 830 270
184 849 280
188 868 290
196 887 300
203 906 300
0 0 0
1 2 0
3 6 0
6 12 0
10 20 0
11 25 0
13 32 0
17 48 0
23 68 0
2 5 0
5 12 0
9 21 0
9 21 0
11 30 0
14 40 0
17 50 0
21 60 0
25 70 0
2 5 0
5 12 0
5 12 0
7 19 0
10 27 0
12 35 0
2 5 0
2 5 0
4 10 0
0 0 0
1 2 0
3 6 0
1 2 0
0 0 0
2 4 0
4 8 0
0 0 0
1 2 0
3 6 0
4 9 0
6 14 0
0 0 0
1 2 0
2 4 0
0 0 0
2 13 0
5 26 0
9 39 0
12 52 0
16 65 0
21 78 0
23 92 0
23 92 0
26 105 0
29 118 0
32 131 0
36 144 0
40 158 0
44 172 0
49 186 10
2 11 0
5 22 0
8 33 0
12 44 0
14 56 0
14 56 0
17 67 0
20 78 0
24 89 0
28 100 0
2 5 0
5 14 0
5 14 0
2 8 0
5 16 0
10 36 0
10 36 0
13 44 0
16 52 0
2 5 0
5 12 0
5 12 0
7 19 0
10 27 0
13 35 0
2 5 0
5 12 0
5 12 0
7 19 0
10 27 0
12 35 0
0 0 0
2 5 0
2 5 0
4 10 0
1 2 0
3 6 0
6 12 0
1 2 0
3 6 0
1 2 0
2 8 0
5 14 0
6 15 0
9 21 0
0 0 0
1 2 0
4 8 0
6 12 0
7 16 0
9 22 0
13 36 0
0 0 0
1 6 0
3 12 0
4 15 0
6 20 0
9 27 0
12 37 0
13 40 0
16 47 0
18 54 0
0 0 0
1 2 0
3 6 0
4 9 0
6 14 0
0 0 0
1 4 0
2 6 0
4 10 0
7 16 0
8 18 0
0 0 0
1 2 0
2 4 0
0 0 0
1 1 0
0 0 0
3 17 0
7 34 0
13 51 0
18 68 0
23 85 0
29 102 0
34 119 0
39 136 0
45 153 0
49 171 0
52 189 0
52 189 0
57 206 0
61 223 0
65 240 0
70 257 10
75 274 10
80 291 20
86 308 20
92 325 20
98 342 20
4 11 0
7 22 0
10 32 0
18 55 0
25 79 10
27 90 10
27 90 10
31 100 10
35 110 10
39 120 10
4 14 0
8 28 0
13 42 0
18 56 0
29 87 0
34 101 0
44 133 0
48 148 0
48 148 0
53 162 0
58 176 0
63 190 0
74 221 0
79 235 0
84 249 0
3 7 0
6 14 0
14 36 0
14 36 0
15 38 0
2 11 0
6 22 0
9 33 0
13 44 0
15 56 0
15 56 0
18 67 0
21 78 0
25 89 0
29 100 0
2 8 0
5 16 0
10 36 0
10 36 0
13 44 0
16 52 0
2 11 0
5 22 0
8 33 0
12 44 0
14 56 0
14 56 0
17 67 0
20 78 0
24 89 0
27 100 0
2 5 0
4 12 0
5 14 0
2 5 0
6 14 0
9 21 0
9 21 0
11 30 0
14 40 0
17 50 0
21 60 0
24 70 0
2 5 0
2 5 0
4 10 0
3 7 0
5 12 0
5 12 0
7 19 0
10 27 10
12 35 10
0 0 0
1 2 0
3 6 0
6 12 0
1 2 0
1 2 0
3 6 0
0 0 0
2 8 0
3 16 0
6 24 0
7 28 0
10 36 0
12 42 0
16 52 0
19 66 0
20 70 0
23 80 0
25 90 0
30 112 0
33 122 0
4 11 0
8 22 0
11 32 0
16 44 0
24 68 0
25 70 0
29 80 0
33 90 0
0 0 0
1 2 0
4 8 0
6 12 0
7 16 0
9 22 0
13 36 0
0 0 0
1 6 0
3 12 0
4 15 0
6 20 0
9 27 0
12 37 0
13 40 0
16 47 0
18 54 0
0 0 0
1 8 0
3 16 0
4 19 0
6 28 0
9 37 0
12 49 0
15 58 0
19 67 10
22 81 10
25 90 10
27 99 10
29 108 10
33 117 10
36 126 10
0 0 0
1 2 0
3 6 0
4 9 0
6 14 0
0 0 0
1 4 0
2 6 0
4 10 0
7 16 0
8 18 0
0 0 0
1 6 0
2 8 0
4 14 0
7 22 0
10 28 0
13 38 0
16 44 0
18 48 0
0 0 0
1 2 0
2 4 0
0 0 0
1 1 0
0 0 0
1 1 0
4 5 0
0 0 0
4 17 0
8 34 0
13 51 0
16 67 0
20 83 0
30 118 0
35 134 0
47 169 0
53 185 0
64 221 0
69 238 0
72 255 0
72 255 0
77 271 10
83 287 20
86 303 20
91 319 30
102 354 30
107 370 30
112 386 30
117 402 30
6 20 0
12 40 0
18 60 0
25 80 0
32 100 0
39 120 0
53 163 0
59 183 0
66 203 0
77 246 0
83 266 0
90 286 0
101 330 0
105 351 0
110 372 10
110 372 10
114 392 20
121 412 30
127 432 30
133 452 30
145 495 40
152 515 50
158 535 50
164 555 50
178 598 60
185 618 60
192 638 60
199 658 70
4 9 0
8 18 0
16 38 0
27 66 0
28 68 0
30 72 0
30 72 0
5 13 0
9 26 0
13 39 0
17 52 0
25 79 0
35 106 0
44 134 0
47 147 0
47 147 0
50 160 0
55 172 0
60 184 0
65 196 0
70 208 0
4 14 0
8 28 0
13 42 0
18 56 0
28 87 0
33 101 0
40 133 0
43 148 0
43 148 0
47 162 0
52 176 0
56 190 0
66 221 0
71 235 0
76 249 0
3 14 0
6 28 0
11 42 0
15 56 0
24 87 0
29 101 0
37 133 0
41 148 0
41 148 0
45 162 0
50 176 0
54 190 0
63 221 0
67 235 10
71 249 10
3 7 0
6 14 0
13 34 0
15 38 0
15 38 0
4 11 0
8 22 0
11 32 0
19 55 0
27 79 0
27 79 0
29 90 0
33 100 0
37 110 0
41 120 0
2 11 0
5 22 0
9 33 0
12 44 0
14 56 0
14 56 0
17 67 0
20 78 0
24 89 0
27 100 0
2 13 0
6 26 0
9 39 0
12 52 0
17 65 0
21 78 0
23 92 0
23 92 0
26 105 0
29 118 0
33 131 0
36 144 0
41 158 0
45 172 10
49 186 10
2 5 0
5 14 0
5 14 0
2 8 0
5 16 0
9 27 0
11 36 0
14 44 0
17 52 0
2 5 0
5 12 0
5 12 0
7 19 0
10 27 0
13 35 0
3 7 0
5 12 0
9 21 0
9 21 0
11 30 0
14 40 10
17 50 10
21 60 20
24 70 20
0 0 0
2 5 0
2 5 0
4 10 0
1 2 0
3 6 0
1 2 0
3 6 0
6 12 0
1 2 0
0 0 0
1 8 0
3 16 0
6 24 0
7 28 0
9 34 0
12 42 0
16 52 0
19 66 0
20 70 0
23 80 0
25 90 0
30 112 0
33 122 0
0 0 0
1 10 0
4 20 0
6 30 0
7 34 0
9 46 0
13 58 0
16 70 0
19 86 0
22 98 10
27 110 10
31 122 10
34 140 10
37 152 10
39 164 10
41 176 10
45 188 10
48 200 10
52 226 10
57 238 10
61 250 10
5 13 0
9 26 0
14 39 0
18 52 0
22 66 0
32 93 0
42 121 0
43 123 0
46 136 0
51 148 0
56 160 0
61 172 0
0 0 0
1 2 0
3 6 0
6 12 10
7 16 10
9 22 10
13 36 10
0 0 0
1 6 0
3 12 0
4 15 0
6 20 0
9 27 0
12 37 0
13 40 0
16 47 0
18 54 0
0 0 0
1 8 0
3 16 0
4 19 0
6 28 0
9 37 0
12 49 0
15 58 0
19 67 0
22 81 0
25 90 0
27 99 0
29 108 0
33 117 0
36 126 0
0 0 0
2 10 0
3 20 0
4 23 0
7 34 0
9 45 0
12 59 0
16 70 0
19 81 0
24 105 0
29 116 0
33 127 0
38 151 0
39 154 0
43 165 0
46 176 0
49 187 10
51 198 10
56 209 10
60 220 20
0 0 0
1 2 0
3 6 0
4 9 0
6 14 0
0 0 0
1 4 0
2 6 0
4 10 0
7 16 0
8 18 0
0 0 0
1 6 0
2 8 0
4 14 0
7 22 0
10 28 10
13 38 10
16 44 10
18 48 10
0 0 0
1 8 0
2 10 0
4 18 0
7 28 0
10 36 0
15 54 0
19 62 0
24 76 0
25 78 0
29 86 0
32 92 0
0 0 0
1 2 0
2 4 0
0 0 0
1 1 0
0 0 0
1 1 0
4 5 0
0 0 0
1 1 0
4 5 0
9 13 0
0 0 0
1 2 0
3 6 0
6 12 0
1 2 0
3 6 0
1 2 0
0 0 0
1 2 0
3 6 0
6 12 0
7 16 0
9 22 0
13 36 0
0 0 0
1 2 0
3 6 0
4 9 0
6 14 0
0 0 0
1 2 0
2 4 0
0 0 0
0 0 0
1 2 0
0 0 0
1 2 0
3 6 0
6 12 0
7 16 0
9 22 0
13 36 0
0 0 0
1 8 0
4 16 0
6 24 0
7 28 0
9 34 0
13 44 0
16 52 0
18 60 0
20 70 0
22 80 10
25 90 10
29 112 10
33 122 10
0 0 0
1 2 0
3 6 0
4 9 0
6 14 0
0 0 0
2 6 0
3 12 0
4 15 0
7 22 0
9 27 0
12 37 0
13 40 0
16 47 0
18 54 0
0 0 0
0 0 0
1 1 0
0 0 0
1 2 0
0 0 0
1 2 0
2 4 0
1 4 0
1 4 0
3 8 0
4 10 0
7 16 0
8 18 0
0 0 0
1 4 0
2 8 0
4 12 0
7 22 0
8 24 0
8 24 0
0 0 0
1 2 0
3 6 0
4 9 0
6 14 0
0 0 0
2 4 0
3 6 0
4 9 0
6 14 0
0 0 0
0 0 0
1 2 0
1 2 0
2 4 0
1 2 0
1 2 0
2 4 0
1 2 0
3 6 0
1 2 0
2 5 0
2 5 0
4 10 10
0 0 0
0 0 0
0 0 0
1 2 0
0 0 0
0 0 0
0 0 0
1 2 0
3 6 0
6 12 0
7 16 0
9 22 0
13 36 0
0 0 0
1 8 0
4 16 0
6 24 0
7 28 0
9 34 0
13 44 0
16 52 0
18 60 0
20 70 0
22 80 0
25 90 0
29 112 0
33 122 0
0 0 0
2 10 0
3 20 0
6 30 0
7 34 0
10 46 10
12 58 10
16 70 10
19 86 20
23 98 20
26 110 20
31 122 20
35 148 20
36 152 20
39 164 20
42 176 20
44 188 20
48 200 20
53 226 20
56 238 30
61 250 30
0 0 0
1 2 0
2 4 0
1 4 0
1 4 0
3 8 0
4 10 0
7 16 0
8 18 0
0 0 0
1 6 0
2 8 0
4 14 0
7 22 0
10 28 0
15 42 0
17 46 0
18 48 0
1 6 0
1 6 0
3 12 0
4 18 0
8 32 0
10 38 0
15 52 0
17 56 0
18 58 0
18 58 0
0 0 0
1 2 0
3 6 0
4 9 0
6 14 0
0 0 0
2 6 0
3 12 0
4 15 0
7 22 0
9 27 0
12 37 0
13 40 0
16 47 0
18 54 0
1 8 0
1 8 0
3 16 0
5 25 0
6 28 0
9 37 0
13 49 0
15 58 10
19 67 10
24 87 10
26 96 10
27 99 10
31 108 10
34 117 10
36 126 10
0 0 0
2 8 0
3 16 0
4 24 0
7 32 0
9 40 0
12 58 0
16 66 0
19 74 0
24 92 0
26 100 0
27 108 0
27 108 0
31 116 0
34 124 0
36 132 0
37 140 0
0 0 0
0 0 0
1 1 0
4 5 0
0 0 0
1 1 0
0 0 0
1 2 0
4 8 0
0 0 0
2 4 0
3 6 0
4 9 0
6 14 0
1 6 0
1 6 0
3 12 0
5 17 0
6 20 0
9 27 0
12 37 0
13 40 0
16 47 0
18 54 0
1 2 0
1 2 0
2 4 0
0 0 0
1 4 0
2 6 0
4 10 0
7 16 0
8 18 0
1 4 0
1 4 0
3 8 0
4 12 0
7 22 0
8 24 0
8 24 0
0 0 0
2 4 0
3 6 0
4 9 0
6 14 0
1 6 0
1 6 0
3 12 0
5 17 0
6 20 0
9 27 0
12 37 0
13 40 0
16 47 0
18 54 0
0 0 0
1 1 0
0 0 0
0 0 0
1 2 0
0 0 0
2 4 0
3 6 0
6 12 0
7 16 0
9 22 0
13 36 0
0 0 0
1 2 0
2 4 0
1 2 0
1 2 0
3 6 0
4 9 0
6 14 0
0 0 0
0 0 0
2 5 0
5 12 0
5 12 0
7 19 0
10 27 0
13 35 0
0 0 0
2 5 0
2 5 0
4 10 0
1 2 0
0 0 0
0 0 0
1 2 0
2 4 0
0 0 0
1 2 0
2 4 0
0 0 0
0 0 0
1 2 0
2 4 0
2 5 0
4 7 0
0 0 0
1 6 0
2 8 0
4 14 0
7 22 0
10 28 0
14 40 0
15 42 0
18 48 0
1 2 0
3 6 0
1 2 0
2 5 0
2 5 0
4 10 0
0 0 0
0 0 0
0 0 0
2 8 0
5 16 0
11 36 0
11 36 0
14 44 0
17 52 0
2 5 0
5 14 0
5 14 0
0 0 0
0 0 0
1 2 0
2 5 0
4 7 0
0 0 0
1 2 0
2 4 0
0 0 0
1 1 0
0 0 0
1 2 0
0 0 0
0 0 0
2 5 0
5 14 0
5 14 0
0 0 0
0 0 0
1 1 0
0 0 0
0 0 0
1 2 0
3 6 0
4 9 0
6 14 0
0 0 0
2 6 0
3 12 0
4 15 0
7 22 0
9 27 0
12 37 0
13 40 0
16 47 0
18 54 0
1 8 0
1 8 0
3 16 0
5 25 0
6 28 0
9 37 0
13 49 0
15 58 0
19 67 0
24 87 0
26 96 0
27 99 0
31 108 0
34 117 0
36 126 0
0 0 0
2 10 0
3 20 0
4 23 0
7 34 0
9 45 0
12 59 0
16 70 10
19 81 10
24 105 10
29 116 10
33 127 10
40 151 10
43 162 10
45 173 10
46 176 10
51 187 10
55 198 10
58 209 10
60 220 10
1 10 0
1 10 0
3 20 10
5 30 20
6 40 30
9 50 30
13 72 30
15 82 30
19 92 40
25 114 40
28 124 40
33 134 40
40 156 40
43 166 40
45 176 40
46 186 40
46 186 40
51 196 40
55 206 40
58 216 40
60 226 40
61 236 40
0 0 0
1 2 0
3 6 0
6 12 0
7 16 0
9 22 0
13 36 0
0 0 0
1 8 0
4 16 0
6 24 0
7 28 0
9 34 0
13 44 0
16 52 0
18 60 0
20 70 0
22 80 0
25 90 0
29 112 0
33 122 0
0 0 0
2 10 0
3 20 0
6 30 0
7 34 0
10 46 10
12 58 10
16 70 10
19 86 10
23 98 10
26 110 10
31 122 10
35 148 20
36 152 20
39 164 20
42 176 20
44 188 20
48 200 20
53 226 20
56 238 30
61 250 30
1 12 0
1 12 0
4 24 0
6 36 10
8 50 10
9 54 10
13 68 10
16 82 10
20 100 20
22 114 20
27 128 30
31 142 30
37 172 30
40 186 30
46 200 40
51 214 40
57 244 50
59 258 50
60 262 50
64 276 50
68 290 60
71 304 70
73 318 80
78 332 80
84 362 80
88 376 90
91 390 90
97 404 90
0 0 0
2 12 0
3 24 0
6 36 0
7 48 0
10 60 0
12 72 0
16 84 0
19 110 0
23 122 10
26 134 10
31 146 20
36 172 30
41 184 30
45 196 40
51 208 40
57 234 40
59 246 40
60 258 40
60 258 40
64 270 40
68 282 40
71 294 40
73 306 50
74 318 50
79 330 60
85 356 60
89 368 60
92 380 60
94 392 60
100 404 70
0 0 0
0 0 0
1 1 0
4 5 0
0 0 0
1 1 0
0 0 0
1 1 0
4 5 0
9 13 0
0 0 0
1 2 0
4 8 0
9 18 0
0 0 0
1 2 0
2 4 0
1 4 0
1 4 0
3 8 0
4 10 0
7 16 0
8 18 0
1 8 0
1 8 0
3 16 0
4 18 0
8 28 0
10 36 0
16 54 0
19 62 0
26 80 0
29 86 0
31 90 0
32 92 0
0 0 0
1 6 0
2 8 0
4 14 0
7 22 0
10 28 0
15 42 0
17 46 0
18 48 0
0 0 0
1 8 0
2 16 0
4 24 0
7 42 0
10 50 0
15 68 0
19 76 0
26 94 0
29 100 0
31 104 0
31 104 0
32 106 0
0 0 0
2 4 0
3 6 0
4 9 0
6 14 0
1 6 0
1 6 0
3 12 0
5 17 0
6 20 0
9 27 0
12 37 0
13 40 0
16 47 0
18 54 0
0 0 0
2 8 0
3 16 0
4 19 0
7 28 0
9 37 0
12 49 0
16 58 0
19 67 0
24 87 0
26 96 0
27 99 0
31 108 0
34 117 0
36 126 0
1 8 0
1 8 0
3 16 0
5 24 0
6 32 0
9 40 0
13 58 0
15 66 0
19 74 0
24 92 0
26 100 0
27 108 0
27 108 0
31 116 0
34 124 0
36 132 10
37 140 10
0 0 0
2 4 0
3 6 0
4 9 0
6 14 0
1 6 0
1 6 0
3 12 0
5 17 0
6 20 0
9 27 0
12 37 0
13 40 0
16 47 0
18 54 0
0 0 0
2 8 0
3 16 0
4 19 0
7 28 0
9 37 0
12 49 0
16 58 0
19 67 0
24 87 0
26 96 0
27 99 0
31 108 0
34 117 0
36 126 0
1 8 10
1 8 10
3 16 10
5 24 10
6 32 10
9 40 10
13 58 10
15 66 10
19 74 10
24 92 10
26 100 10
27 108 10
27 108 10
31 116 10
34 124 10
36 132 10
37 140 10
0 0 0
1 1 0
0 0 0
0 0 0
1 1 0
4 5 0
0 0 0
1 2 0
4 8 0
1 2 0
1 2 0
2 4 0
1 6 0
1 6 0
3 12 0
4 14 0
8 22 0
10 28 0
15 42 0
17 46 0
18 48 0
0 0 0
1 4 0
2 6 0
4 10 0
7 16 0
8 18 0
0 0 0
1 6 0
2 12 0
4 18 0
7 32 0
10 38 0
15 52 0
17 56 0
17 56 0
18 58 0
1 2 0
1 2 0
3 6 0
4 9 0
6 14 0
0 0 0
2 6 0
3 12 0
4 15 0
7 22 0
9 27 0
12 37 0
13 40 0
16 47 0
18 54 0
0 0 0
2 4 0
3 6 0
6 12 0
7 16 0
9 22 0
13 36 0
1 8 0
1 8 0
4 16 0
6 24 0
8 30 0
9 34 0
13 44 0
16 52 0
19 66 0
20 70 0
23 80 0
25 90 0
30 112 0
33 122 0
0 0 0
0 0 0
1 1 0
0 0 0
1 2 0
1 4 0
1 4 0
3 8 0
4 10 0
7 16 0
8 18 0
0 0 0
1 2 0
2 4 0
0 0 0
1 4 0
2 8 0
4 12 0
7 22 0
7 22 0
8 24 0
0 0 0
2 4 0
3 6 0
4 9 0
6 14 0
1 2 0
1 2 0
4 8 0
6 12 0
7 16 0
9 22 0
13 36 0
0 0 0
0 0 0
1 2 0
1 2 0
2 4 0
2 5 0
5 12 0
5 12 0
7 19 0
9 27 0
12 35 0
2 5 0
2 5 0
4 10 0
0 0 0
1 2 0
0 0 0
0 0 0
1 2 0
2 4 0
0 0 0
1 2 0
2 4 0
0 0 0
2 11 0
6 22 0
9 33 0
13 44 0
15 56 0
15 56 0
18 67 0
21 78 0
25 89 0
29 100 0
2 8 0
5 16 0
10 36 0
10 36 0
13 44 0
16 52 0
2 5 0
5 14 0
5 14 0
2 5 0
2 5 0
4 10 0
2 5 0
2 5 0
4 10 0
0 0 0
1 2 0
3 6 0
1 2 0
0 0 0
1 4 0
2 6 0
4 10 0
6 14 0
8 18 0
0 0 0
1 2 0
3 6 0
4 9 0
6 14 0
0 0 0
1 4 0
2 6 0
4 10 0
7 16 0
8 18 0
0 0 0
1 2 0
2 4 0
0 0 0
1 1 0
0 0 0
1 2 0
1 2 0
2 4 0
3 7 0
6 13 0
11 23 0
13 26 0
0 0 0
1 4 0
2 6 0
4 10 0
7 16 0
8 18 0
0 0 0
1 8 0
2 10 0
4 18 0
7 28 0
10 36 0
15 54 0
19 62 0
26 80 0
29 86 0
30 88 0
32 92 0
1 2 0
3 6 0
1 2 0
2 5 0
2 5 0
4 10 0
0 0 0
0 0 0
0 0 0
2 8 0
5 16 0
11 36 0
11 36 0
14 44 0
17 52 0
2 5 0
5 14 0
5 14 0
0 0 0
0 0 0
1 2 0
2 5 0
4 7 0
0 0 0
1 2 0
2 4 0
0 0 0
1 1 0
0 0 0
3 11 0
7 22 0
10 32 0
17 55 0
25 79 0
27 90 0
27 90 0
31 100 0
35 110 0
39 120 0
3 7 0
6 14 0
14 36 0
15 38 0
15 38 0
2 5 0
5 14 0
5 14 0
2 5 0
5 14 0
5 14 0
2 5 0
2 5 0
4 10 0
0 0 0
1 2 0
0 0 0
1 4 0
2 6 0
4 10 0
7 16 0
8 18 0
3 7 0
6 13 0
12 25 0
13 26 0
0 0 0
1 2 0
2 4 0
0 0 0
1 1 0
0 0 0
1 1 0
4 5 0
0 0 0
1 2 0
0 0 0
0 0 0
2 5 0
5 14 0
5 14 0
0 0 0
0 0 0
1 1 0
0 0 0
3 7 0
6 14 0
14 36 0
15 38 0
15 38 0
0 0 0
1 2 0
0 0 0
0 0 0
1 1 0
0 0 0
1 1 0
4 5 0
0 0 0
1 2 0
3 6 0
1 2 0
1 2 0
1 2 0
3 6 0
1 2 0
2 5 0
5 12 0
5 12 0
7 19 0
10 27 0
12 35 0
2 5 0
2 5 0
4 10 0
0 0 0
1 2 0
0 0 0
1 2 0
1 2 0
2 4 0
0 0 0
1 2 0
2 4 0
0 0 0
1 2 0
2 5 0
2 5 0
4 10 0
0 0 0
0 0 0
0 0 0
0 0 0
0 0 0
0 0 0
0 0 0
1 1 0
1 2 0
1 2 0
0 0 0
1 2 0
2 4 0
0 0 0
0 0 0
0 0 0
0 0 0
1 2 0
3 6 0
1 2 0
2 5 0
5 12 0
5 12 0
7 19 0
10 27 0
13 35 0
2 5 0
2 5 0
4 10 0
0 0 0
1 2 0
0 0 0
1 2 0
1 2 0
2 4 0
0 0 0
1 2 0
2 4 0
0 0 0
2 11 0
5 22 0
8 33 0
12 44 0
14 56 0
14 56 0
17 67 0
20 78 0
24 89 0
28 100 0
2 5 0
5 14 0
5 14 0
2 8 0
5 16 0
10 36 0
10 36 0
13 44 0
16 52 0
2 5 0
2 5 0
4 10 0
0 0 0
2 5 0
2 5 0
4 10 0
1 2 0
3 6 0
1 2 0
0 0 0
2 4 0
3 6 0
4 9 0
6 14 0
0 0 0
1 4 0
2 6 0
4 10 0
7 16 0
8 18 0
0 0 0
1 2 0
2 4 0
0 0 0
1 4 0
2 6 0
4 10 0
6 14 0
8 18 0
0 0 0
0 0 0
1 1 0
0 0 0
0 0 0
2 5 0
5 14 0
5 14 0
0 0 0
0 0 0
0 0 0
1 1 0
2 5 0
4 12 0
5 14 0
0 0 0
0 0 0
0 0 0
1 1 0
0 0 0
1 1 0
4 5 0
1 2 0
2 5 0
2 5 0
4 10 0
0 0 0
0 0 0
2 5 0
5 14 0
5 14 0
2 8 0
5 16 0
11 36 0
11 36 0
14 44 0
17 52 0
0 0 0
0 0 0
1 2 0
0 0 0
1 2 0
2 4 0
2 5 0
4 7 0
0 0 0
0 0 0
1 1 0
2 8 0
5 16 0
10 36 0
10 36 0
13 44 0
16 52 0
2 5 0
4 12 0
5 14 0
2 5 0
2 5 0
4 10 0
0 0 0
1 2 0
0 0 0
1 2 0
2 4 0
0 0 0
1 4 0
2 6 0
4 10 0
7 16 0
8 18 0
1 6 0
1 6 0
3 12 0
4 14 0
8 22 0
10 28 0
15 42 0
17 46 0
18 48 0
0 0 0
0 0 0
1 1 0
0 0 0
1 1 0
4 5 0
1 2 0
0 0 0
2 5 0
2 5 0
4 10 0
0 0 0
0 0 0
0 0 0
0 0 0
0 0 0
0 0 0
1 1 0
1 2 0
0 0 0
2 5 0
2 5 0
4 10 0
0 0 0
1 2 0
3 6 0
1 2 0
1 2 0
0 0 0
2 4 0
3 6 0
4 9 0
6 14 0
0 0 0
0 0 0
1 2 0
1 2 0
2 4 0
0 0 0
0 0 0
1 1 0
2 5 0
5 14 0
5 14 0
0 0 0
0 0 0
0 0 0
1 1 0
0 0 0
1 2 0
2 4 0
0 0 0
0 0 0
0 0 0
1 2 0
2 4 0
0 0 0
1 4 0
2 6 0
4 10 0
6 14 0
8 18 0
0 0 0
1 4 0
2 8 0
4 12 0
6 20 0
6 20 0
8 24 0
0 0 0
0 0 0
1 1 0
0 0 0
1 2 10
0 0 0
0 0 0
0 0 0
0 0 0
0 0 0
0 0 0
1 1 0
0 0 0
0 0 0
0 0 0
0 0 0
1 1 0
0 0 0
1 2 0
1 2 0
2 5 0
2 5 0
4 10 0
0 0 0
0 0 0
2 5 0
5 14 0
5 14 0
2 8 0
5 16 0
11 36 0
11 36 0
14 44 0
17 52 0
0 0 0
0 0 0
1 2 0
0 0 0
1 2 0
2 4 0
2 5 0
4 7 0
0 0 0
0 0 0
1 1 0
3 11 0
6 22 0
9 32 0
16 55 0
23 79 0
25 90 0
25 90 0
29 100 0
33 110 0
37 120 0
3 7 0
6 14 0
14 36 0
14 36 0
15 38 0
2 5 0
5 14 0
5 14 0
2 5 0
4 12 0
5 14 0
2 5 0
2 5 0
4 10 0
0 0 0
1 2 0
1 2 0
1 2 0
2 4 0
0 0 0
1 4 0
2 6 0
4 10 0
7 16 0
8 18 0
3 7 0
6 13 0
12 25 0
13 26 0
0 0 0
0 0 0
1 1 0
0 0 0
1 1 0
4 5 0
3 7 0
6 14 0
13 34 0
15 38 0
15 38 0
4 11 0
8 22 0
11 32 0
19 55 0
27 79 0
27 79 0
29 90 0
33 100 0
37 110 0
41 120 0
2 5 0
5 14 0
5 14 0
2 8 0
5 16 0
8 27 0
10 36 0
13 44 0
16 52 0
0 0 0
2 5 0
2 5 0
4 10 0
1 2 0
0 0 0
1 2 0
2 4 0
0 0 0
1 4 0
2 6 0
4 10 0
7 16 0
8 18 0
1 6 0
1 6 0
3 12 0
4 14 0
8 22 0
10 28 0
15 42 0
17 46 0
18 48 0
0 0 0
1 8 0
2 10 0
4 18 0
7 28 0
10 36 0
15 54 0
19 62 0
26 80 0
29 86 0
31 90 0
32 92 0
0 0 0
0 0 0
1 1 0
0 0 0
1 1 0
4 5 0
0 0 0
1 1 0
4 5 0
9 13 0
1 2 0
3 6 0
1 2 0
2 5 0
5 12 0
5 12 0
7 19 0
10 27 0
13 35 0
2 5 0
2 5 0
4 10 0
0 0 0
1 2 0
0 0 0
1 2 0
1 2 0
2 4 0
0 0 0
1 2 0
2 4 0
0 0 0
2 11 0
5 22 0
8 33 0
12 44 0
14 56 0
14 56 0
17 67 0
20 78 0
24 89 0
28 100 0
2 5 0
5 14 0
5 14 0
2 8 0
5 16 0
11 36 0
11 36 0
14 44 0
17 52 0
2 5 0
2 5 0
4 10 0
0 0 0
2 5 0
2 5 0
4 10 0
1 2 0
3 6 0
1 2 0
0 0 0
2 4 0
3 6 0
4 9 0
6 14 0
0 0 0
1 4 0
2 6 0
4 10 0
7 16 0
8 18 0
0 0 0
1 2 0
2 4 0
0 0 0
1 4 0
2 6 0
4 10 0
6 14 0
8 18 0
0 0 0
0 0 0
1 1 0
3 11 0
6 22 0
9 32 0
16 55 0
22 79 0
24 90 0
24 90 0
28 100 0
32 110 0
36 120 0
4 14 0
8 28 0
13 42 0
17 56 0
26 87 0
31 101 0
40 133 10
43 148 10
43 148 10
48 162 10
53 176 10
58 190 10
69 221 10
74 235 10
79 249 10
3 7 0
6 14 0
14 36 0
14 36 0
15 38 0
2 8 0
5 16 0
11 36 0
11 36 0
14 44 0
17 52 0
2 8 0
5 16 0
10 36 0
10 36 0
13 44 0
16 52 0
2 5 0
4 12 0
5 14 0
2 5 0
2 5 0
4 10 0
3 7 0
5 12 0
5 12 0
7 19 0
10 27 0
13 35 0
0 0 0
1 2 0
1 2 0
3 6 0
0 0 0
1 2 0
3 6 0
4 9 0
6 14 0
0 0 0
1 6 10
3 12 10
4 15 10
6 20 10
9 27 10
11 33 10
13 40 10
15 47 10
18 54 10
0 0 0
1 6 0
2 8 0
4 14 0
7 22 0
10 28 0
14 40 0
15 42 0
18 48 0
0 0 0
1 2 0
2 4 0
0 0 0
1 4 0
2 6 0
4 10 0
6 14 0
8 18 0
0 0 0
1 6 0
2 8 0
4 14 0
7 22 0
10 28 0
14 40 0
15 42 0
18 48 0
0 0 0
0 0 0
1 1 0
0 0 0
1 1 0
4 5 0
4 14 0
8 28 0
13 42 0
18 56 0
28 87 0
33 101 0
40 133 10
43 148 10
43 148 10
47 162 10
52 176 10
56 190 10
66 221 20
71 235 20
76 249 20
3 7 0
6 14 0
13 34 0
15 38 0
15 38 0
3 11 0
7 22 0
10 32 0
17 55 0
22 79 0
22 79 0
24 90 0
28 100 0
32 110 0
36 120 0
2 11 0
5 22 0
9 33 0
12 44 0
14 56 0
14 56 0
17 67 0
20 78 0
24 89 0
27 100 0
2 5 0
5 14 0
5 14 0
2 8 0
5 16 0
8 27 0
10 36 0
13 44 0
16 52 0
2 5 0
5 12 0
5 12 0
7 19 0
10 27 0
13 35 0
0 0 0
2 5 0
2 5 0
4 10 0
1 2 0
3 6 0
1 2 0
0 0 0
1 2 0
3 6 0
4 9 0
6 14 0
1 6 0
1 6 0
3 12 0
5 17 0
6 20 0
9 27 0
12 37 0
13 40 0
16 47 0
18 54 0
0 0 0
2 8 0
3 16 0
4 19 0
7 28 0
9 37 0
12 49 0
16 58 0
19 67 0
23 87 0
24 90 0
27 99 0
30 108 10
32 117 10
36 126 10
1 10 0
1 10 0
3 20 0
5 31 10
6 34 10
9 45 10
13 59 20
15 70 20
19 81 20
25 105 30
28 116 30
33 127 30
39 151 30
41 162 30
42 165 30
46 176 30
50 187 30
53 198 30
55 209 30
60 220 30
0 0 0
1 2 0
2 4 0
0 0 0
1 4 0
2 6 0
4 10 0
7 16 0
8 18 0
0 0 0
1 6 0
2 8 0
4 14 0
7 22 0
10 28 0
14 40 0
15 42 0
18 48 0
1 8 0
1 8 0
3 16 0
4 18 0
8 28 0
10 36 0
16 54 0
19 62 0
25 78 0
27 82 0
28 84 0
32 92 0
0 0 0
0 0 0
1 1 0
0 0 0
1 1 0
4 5 0
0 0 0
1 1 0
4 5 0
9 13 0
0 0 0
0 0 0
3 7 0
6 14 0
14 36 0
14 36 0
15 38 0
0 0 0
1 2 0
0 0 0
0 0 0
0 0 0
1 1 0
0 0 0
1 1 0
4 5 0
2 5 0
5 14 0
5 14 0
0 0 0
0 0 0
0 0 0
1 1 0
3 7 0
6 14 0
13 34 0
15 38 0
15 38 0
2 5 0
5 14 0
5 14 0
0 0 0
0 0 0
0 0 0
1 1 0
0 0 0
1 1 0
4 5 0
9 13 0
0 0 0
1 1 0
4 5 0
1 2 0
0 0 0
2 5 0
2 5 0
4 10 0
0 0 0
2 8 0
5 16 0
10 36 0
10 36 0
13 44 0
16 52 0
2 5 0
4 12 0
5 14 0
0 0 0
0 0 0
1 2 0
0 0 0
1 2 0
2 4 0
2 5 0
4 7 0
0 0 0
0 0 0
1 1 0
2 5 0
5 14 0
5 14 0
2 8 0
5 16 0
9 27 0
11 36 0
14 44 0
17 52 0
0 0 0
2 5 0
2 5 0
4 10 0
1 2 0
0 0 0
1 2 0
2 4 0
1 4 0
1 4 0
3 8 0
4 10 0
7 16 0
8 18 0
0 0 0
1 6 0
2 8 0
4 14 0
7 22 0
10 28 0
15 42 0
17 46 0
18 48 0
0 0 0
0 0 0
1 1 0
0 0 0
1 1 0
4 5 0
1 2 0
0 0 0
2 5 0
2 5 0
4 10 0
0 0 0
2 8 0
5 16 0
11 36 0
11 36 0
14 44 0
17 52 0
2 5 0
4 12 0
5 14 0
0 0 0
0 0 0
1 2 0
0 0 0
1 2 0
2 4 0
2 5 0
4 7 0
0 0 0
0 0 0
1 1 0
2 5 0
5 14 0
5 14 0
2 8 0
5 16 0
9 27 0
11 36 0
14 44 0
17 52 0
0 0 0
2 5 0
2 5 0
4 10 0
1 2 0
0 0 0
1 2 0
2 4 0
1 4 0
1 4 0
3 8 0
4 10 0
7 16 0
8 18 0
0 0 0
1 6 0
2 8 0
4 14 0
7 22 0
10 28 0
15 42 0
17 46 0
18 48 0
0 0 0
0 0 0
1 1 0
0 0 0
1 1 0
4 5 0
2 5 0
4 12 0
5 14 0
0 0 0
0 0 0
0 0 0
1 1 0
0 0 0
0 0 0
2 5 0
5 14 0
5 14 0
0 0 0
0 0 0
0 0 0
1 1 0
4 5 0
0 0 0
1 1 0
1 2 0
2 5 0
2 5 0
4 10 0
0 0 0
0 0 0
1 2 0
3 6 0
1 2 0
2 5 0
2 5 0
4 10 10
3 7 0
5 12 0
5 12 0
7 19 0
10 27 0
13 35 0
0 0 0
0 0 0
1 2 0
0 0 0
1 2 0
2 4 0
0 0 0
1 2 0
2 4 0
0 0 0
0 0 0
0 0 0
0 0 0
0 0 0
1 1 0
0 0 0
1 2 0
1 2 0
1 2 0
3 6 0
0 0 0
1 2 0
3 6 0
4 9 0
6 14 0
0 0 0
1 2 0
2 4 0
0 0 0
0 0 0
0 0 0
1 2 0
3 6 0
4 9 0
6 14 0
0 0 0
1 6 0
3 12 0
4 15 0
6 20 0
9 27 0
11 33 0
13 40 0
15 47 0
18 54 0
0 0 0
1 2 0
2 4 0
0 0 0
1 4 0
2 6 0
4 10 0
7 16 0
8 18 0
1 4 0
1 4 0
3 8 0
4 12 0
7 22 0
8 24 0
8 24 0
0 0 0
0 0 0
1 1 0
0 0 0
1 2 0
0 0 0
1 2 0
2 4 0
0 0 0
1 2 0
2 4 0
0 0 0
0 0 0
0 0 0
0 0 0
1 2 0
0 0 0
0 0 0
0 0 0
1 1 0
0 0 0
0 0 0
1 1 0
4 5 0
0 0 0
0 0 0
3 7 0
6 14 0
13 34 0
15 38 0
15 38 0
0 0 0
1 2 0
0 0 0
0 0 0
0 0 0
1 1 0
4 5 0
0 0 0
1 1 0
0 0 0
1 2 0
2 4 0
0 0 0
0 0 0
0 0 0
1 2 0
2 4 0
0 0 0
1 4 0
2 6 0
4 10 0
6 14 0
8 18 0
0 0 0
1 4 0
2 8 0
4 12 0
6 20 0
6 20 0
8 24 0
0 0 0
0 0 0
1 1 0
0 0 0
1 2 0
0 0 0
0 0 0
0 0 0
0 0 0
0 0 0
0 0 0
1 1 0
0 0 0
1 2 0
2 4 0
0 0 0
1 4 0
2 6 0
4 10 0
6 14 0
8 18 0
0 0 0
1 6 0
2 8 0
4 14 0
7 22 0
10 28 0
14 40 0
15 42 0
18 48 0
1 6 0
1 6 0
3 12 0
4 18 0
8 32 0
10 38 0
14 50 0
15 52 0
15 52 0
18 58 0
0 0 0
0 0 0
1 1 0
0 0 0
1 1 0
4 5 0
0 0 0
1 2 0
4 8 0
0 0 0
0 0 0
1 1 0
0 0 0
1 2 0
0 0 0
0 0 0
1 1 0
0 0 0
1 2 0
0 0 0
1 2 0
2 4 0
0 0 0
0 0 0
0 0 0
0 0 0
0 0 0
0 0 0
1 1 0
0 0 0
1 1 0
4 5 0
0 0 0
0 0 0
0 0 0
0 0 0
1 1 0
0 0 0
1 2 0
0 0 0
0 0 0
1 1 0
0 0 0
1 1 0
4 5 0
0 0 0
1 2 0
4 8 0
0 0 0
0 0 0
0 0 0
1 2 0
3 6 0
4 9 0
6 14 0
0 0 0
1 2 0
2 4 0
0 0 0
0 0 0
0 0 0
1 2 0
2 4 0
0 0 0
0 0 0
0 0 0
0 0 0
0 0 0
0 0 0
0 0 0
1 2 0
3 6 0
4 9 0
6 14 0
0 0 0
1 2 0
2 4 0
0 0 0
0 0 0
0 0 0
1 2 0
3 6 0
4 9 0
6 14 0
0 0 0
2 6 0
3 12 0
4 15 0
7 22 0
9 27 0
12 37 10
13 40 10
16 47 10
18 54 10
0 0 0
0 0 0
1 1 0
0 0 0
1 2 0
0 0 0
1 2 0
2 4 0
1 4 0
1 4 0
3 8 0
4 10 0
7 16 0
8 18 0
0 0 0
1 4 0
2 8 0
4 12 0
7 22 0
8 24 0
8 24 0
0 0 0
1 2 0
2 4 0
0 0 0
0 0 0
1 2 0
1 2 0
2 4 0
1 2 0
0 0 0
0 0 0
0 0 0
0 0 0
0 0 0
0 0 0
0 0 0
0 0 0
1 1 0
0 0 0
1 2 0
0 0 0
1 1 0
0 0 0
0 0 0
1 2 0
0 0 0
0 0 0
0 0 0
1 2 0
2 4 0
0 0 0
0 0 0
0 0 0
0 0 0
1 1 0
0 0 0
1 2 0
0 0 0
1 2 0
2 4 0
1 4 0
1 4 0
3 8 0
4 10 0
7 16 0
8 18 0
0 0 0
1 4 0
2 8 0
4 12 0
7 22 0
8 24 0
8 24 0
0 0 0
0 0 0
0 0 0
0 0 0
0 0 0
0 0 0
1 1 0
1 2 0
1 2 0
2 4 0
0 0 0
1 4 0
2 6 0
4 10 0
7 16 0
8 18 0
1 4 0
1 4 0
3 8 0
4 12 0
7 22 0
8 24 0
8 24 0
0 0 0
1 1 0
0 0 0
0 0 0
1 2 0
0 0 0
1 2 0
2 4 0
0 0 0
0 0 0
0 0 0
0 0 0
2 5 0
5 14 0
5 14 0
0 0 0
0 0 0
0 0 0
1 1 0
0 0 0
0 0 0
1 2 0
1 2 0
2 4 0
0 0 0
0 0 0
0 0 0
0 0 0
0 0 0
0 0 0
1 2 0
1 2 0
2 4 0
1 2 0
0 0 0
0 0 0
1 1 0
0 0 0
1 2 0
0 0 0
0 0 0
0 0 0
0 0 0
0 0 0
1 1 0
0 0 0
1 2 0
2 4 0
0 0 0
0 0 0
0 0 0
0 0 0
1 1 0
0 0 0
1 2 0
0 0 0
1 2 0
2 4 0
1 4 0
1 4 0
3 8 0
4 10 0
7 16 0
8 18 0
0 0 0
1 4 0
2 8 0
4 12 0
7 22 0
8 24 0
8 24 0
0 0 0
0 0 0
0 0 0
0 0 0
0 0 0
0 0 0
1 1 0
0 0 0
1 2 0
2 4 0
1 4 0
1 4 0
3 8 0
4 10 0
7 16 0
8 18 0
0 0 0
1 6 0
2 8 0
4 14 0
7 22 0
10 28 0
15 42 0
17 46 0
18 48 0
1 6 0
1 6 0
3 12 0
4 18 0
8 32 0
10 38 0
15 52 0
17 56 0
18 58 0
18 58 0
0 0 0
0 0 0
1 1 0
4 5 0
0 0 0
1 1 0
0 0 0
1 2 0
4 8 0
0 0 0
0 0 0
1 1 0
0 0 0
1 2 0
0 0 0
1 1 0
0 0 0
0 0 0
1 2 0
0 0 0
1 2 0
2 4 0
0 0 0
0 0 0
0 0 0
0 0 0
0 0 0
0 0 0
1 1 0
0 0 0
1 1 0
4 5 0
0 0 0
1 1 0
0 0 0
0 0 0
1 1 0
4 5 0
0 0 0
1 2 0
4 8 0
1 2 0
1 2 0
2 4 0
1 6 0
1 6 0
3 12 0
4 14 0
8 22 0
10 28 0
15 42 0
17 46 0
18 48 0
0 0 0
1 4 0
2 6 0
4 10 0
7 16 0
8 18 0
0 0 0
1 6 0
2 12 0
4 18 0
7 32 0
10 38 0
15 52 0
17 56 0
17 56 0
18 58 0
0 0 0
0 0 0
1 1 0
0 0 0
1 2 0
1 4 0
1 4 0
3 8 0
4 10 0
7 16 0
8 18 0
0 0 0
1 2 0
2 4 0
0 0 0
1 4 0
2 8 0
4 12 0
7 22 0
7 22 0
8 24 0
0 0 0
0 0 0
1 2 0
1 2 0
2 4 0
0 0 0
0 0 0
2 5 0
5 14 0
5 14 0
0 0 0
0 0 0
0 0 0
1 1 0
3 7 0
6 14 0
14 36 0
15 38 0
15 38 0
0 0 0
1 2 0
0 0 0
0 0 0
0 0 0
1 1 0
0 0 0
1 1 0
4 5 0
0 0 0
1 2 0
3 6 0
4 9 0
6 14 0
0 0 0
1 2 0
2 4 0
0 0 0
0 0 0
0 0 0
1 2 0
3 6 0
4 9 0
6 14 0
0 0 0
2 6 0
3 12 0
4 15 0
7 22 0
9 27 0
12 37 0
13 40 0
16 47 0
18 54 0
0 0 0
0 0 0
1 1 0
0 0 0
1 2 0
0 0 0
1 2 0
2 4 0
1 4 0
1 4 0
3 8 0
4 10 0
7 16 0
8 18 0
0 0 0
1 4 0
2 8 0
4 12 0
7 22 0
8 24 0
8 24 0
0 0 0
1 2 0
2 4 0
0 0 0
0 0 0
1 2 0
1 2 0
2 4 0
1 2 0
0 0 0
0 0 0
0 0 0
0 0 0
0 0 0
1 2 0
2 4 0
1 4 0
1 4 0
3 8 0
4 10 0
7 16 0
8 18 0
0 0 0
1 6 0
2 8 0
4 14 0
7 22 0
10 28 0
15 42 0
17 46 0
18 48 0
1 6 0
1 6 0
3 12 10
4 18 10
8 32 10
10 38 10
15 52 10
17 56 10
18 58 10
18 58 10
0 0 0
1 2 0
3 6 0
4 9 0
6 14 0
0 0 0
2 6 0
3 12 0
4 15 0
7 22 0
9 27 0
12 37 0
13 40 0
16 47 0
18 54 0
1 8 0
1 8 0
3 16 0
5 25 0
6 28 0
9 37 0
13 49 0
15 58 0
19 67 0
24 87 0
26 96 0
27 99 0
31 108 0
34 117 0
36 126 0
0 0 0
2 8 0
3 16 0
4 24 0
7 32 0
9 40 0
12 58 0
16 66 10
19 74 10
24 92 20
26 100 20
27 108 20
27 108 20
31 116 20
34 124 20
36 132 20
37 140 20
0 0 0
0 0 0
1 1 0
4 5 0
0 0 0
1 1 0
0 0 0
1 2 0
4 8 0
1 2 0
1 2 0
2 4 0
0 0 0
1 4 0
2 6 0
4 10 0
7 16 0
8 18 0
1 4 0
1 4 0
3 8 0
4 12 0
7 22 0
8 24 0
8 24 0
0 0 0
1 2 0
2 4 0
0 0 0
1 4 0
2 6 0
4 10 0
7 16 0
8 18 0
1 4 0
1 4 0
3 8 0
4 12 0
7 22 0
8 24 0
8 24 0
0 0 0
1 1 0
0 0 0
0 0 0
1 2 0
0 0 0
1 2 0
2 4 0
1 2 0
1 2 0
3 6 0
4 9 0
6 14 0
0 0 0
0 0 0
1 2 0
2 5 0
2 5 0
4 10 0
0 0 0
0 0 0
2 5 0
5 14 10
5 14 10
0 0 0
0 0 0
0 0 0
1 1 0
0 0 0
0 0 0
2 5 0
5 14 0
5 14 0
0 0 0
0 0 0
0 0 0
1 1 0
0 0 0
2 4 0
3 6 0
4 9 0
6 14 0
1 6 0
1 6 0
3 12 0
5 17 0
6 20 0
9 27 0
12 37 0
13 40 0
16 47 0
18 54 0
0 0 0
2 8 0
3 16 0
4 19 0
7 28 0
9 37 0
12 49 0
16 58 0
19 67 0
24 87 0
26 96 0
27 99 0
31 108 0
34 117 0
36 126 0
1 8 0
1 8 0
3 16 0
5 24 0
6 32 0
9 40 0
13 58 0
15 66 0
19 74 0
24 92 0
26 100 0
27 108 0
27 108 0
31 116 0
34 124 0
36 132 0
37 140 0
0 0 0
1 1 0
0 0 0
0 0 0
1 1 0
4 5 0
0 0 0
1 2 0
4 8 0
1 2 0
1 2 0
2 4 0
1 6 0
1 6 0
3 12 0
4 14 0
8 22 0
10 28 0
15 42 0
17 46 0
18 48 0
0 0 0
1 4 0
2 6 0
4 10 0
7 16 0
8 18 0
0 0 0
1 6 0
2 12 0
4 18 0
7 32 0
10 38 0
15 52 0
17 56 0
17 56 0
18 58 0
1 2 0
1 2 0
3 6 0
4 9 0
6 14 0
0 0 0
2 6 0
3 12 0
4 15 0
7 22 0
9 27 0
12 37 0
13 40 0
16 47 0
18 54 0
0 0 0
0 0 0
1 1 0
0 0 0
1 2 0
1 4 0
1 4 0
3 8 0
4 10 0
7 16 0
8 18 0
0 0 0
1 2 0
2 4 0
0 0 0
1 4 0
2 8 0
4 12 0
7 22 0
7 22 0
8 24 0
0 0 0
2 4 0
3 6 0
4 9 0
6 14 0
0 0 0
0 0 0
1 2 0
1 2 0
2 4 0
1 2 0
0 0 0
2 5 0
2 5 0
4 10 0
0 0 0
2 8 0
5 16 0
10 36 0
10 36 0
13 44 0
16 52 0
2 5 0
5 14 0
5 14 0
0 0 0
0 0 0
1 2 0
0 0 0
1 2 0
2 4 0
2 5 0
4 7 0
0 0 0
0 0 0
1 1 0
3 7 0
6 14 0
14 36 0
15 38 0
15 38 0
4 11 0
7 22 0
9 32 0
17 55 0
24 79 0
26 90 0
26 90 0
30 100 0
34 110 0
38 120 0
2 5 0
5 14 0
5 14 0
2 5 0
5 14 0
5 14 0
0 0 0
2 5 0
2 5 0
4 10 0
1 2 0
0 0 0
1 2 0
2 4 0
0 0 0
1 4 0
2 6 0
4 10 0
6 14 0
8 18 0
3 7 0
6 13 0
12 25 0
13 26 0
0 0 0
0 0 0
1 1 0
0 0 0
1 1 0
4 5 0
0 0 0
0 0 0
2 5 0
5 14 0
5 14 0
0 0 0
0 0 0
0 0 0
1 1 0
3 7 0
6 14 0
14 36 0
15 38 0
15 38 0
0 0 0
1 2 0
0 0 0
0 0 0
0 0 0
1 1 0
0 0 0
1 1 0
4 5 0
0 0 0
0 0 0
0 0 0
0 0 0
1 1 0
4 5 0
0 0 0
1 1 0
0 0 0
1 2 0
4 8 0
0 0 0
0 0 0
0 0 0
0 0 0
1 1 0
0 0 0
1 2 0
0 0 0
1 1 0
0 0 0
0 0 0
1 1 0
4 5 0
0 0 0
1 2 0
4 8 0
0 0 0
0 0 0
1 1 0
0 0 0
1 2 0
0 0 0
0 0 0
0 0 0
0 0 0
1 2 0
1 2 0
2 4 0
1 2 0
1 2 0
2 4 0
0 0 0
1 4 0
2 6 0
4 10 10
7 16 10
8 18 10
1 4 0
1 4 0
3 8 0
4 12 0
7 22 0
8 24 0
8 24 0
0 0 0
1 1 0
0 0 0
0 0 0
1 2 0
0 0 0
0 0 0
0 0 0
0 0 0
0 0 0
0 0 0
1 1 0
0 0 0
0 0 0
1 1 0
0 0 0
1 2 0
1 4 0
1 4 0
3 8 0
4 10 0
7 16 0
8 18 0
0 0 0
1 2 0
2 4 0
0 0 0
1 4 0
2 8 0
4 12 0
7 22 0
7 22 0
8 24 0
0 0 0
0 0 0
1 2 0
1 2 0
2 4 0
0 0 0
0 0 0
2 5 0
5 14 0
5 14 0
0 0 0
0 0 0
0 0 0
1 1 0
0 0 0
0 0 0
1 2 0
1 2 0
2 4 0
1 2 0
1 2 0
2 4 0
0 0 0
1 4 0
2 6 0
4 10 0
7 16 0
8 18 0
1 4 0
1 4 0
3 8 0
4 12 0
7 22 0
8 24 0
8 24 0
0 0 0
1 1 0
0 0 0
0 0 0
1 2 0
0 0 0
0 0 0
0 0 0
0 0 0
0 0 0
0 0 0
1 1 0
0 0 0
0 0 0
1 1 0
0 0 0
1 2 0
1 4 0
1 4 0
3 8 0
4 10 0
7 16 0
8 18 0
0 0 0
1 2 0
2 4 0
0 0 0
1 4 0
2 8 0
4 12 0
7 22 0
7 22 0
8 24 0
0 0 0
0 0 0
1 2 0
1 2 0
2 4 0
0 0 0
0 0 0
2 5 0
5 14 0
5 14 0
0 0 0
0 0 0
0 0 0
1 1 0
0 0 0
1 1 0
0 0 0
0 0 0
1 2 0
0 0 0
0 0 0
0 0 0
0 0 0
1 1 0
0 0 0
1 2 0
0 0 0
0 0 0
0 0 0
1 2 0
2 4 0
0 0 0
0 0 0
0 0 0
1 2 0
2 4 0
1 2 0
1 2 0
3 6 0
4 9 0
6 14 0
0 0 0
0 0 0
0 0 0
0 0 0
0 0 0
0 0 0
1 2 0
1 2 0
2 5 0
2 5 0
4 10 0
0 0 0
0 0 0
0 0 0
0 0 0
0 0 0
0 0 0
0 0 0
1 1 0
0 0 0
0 0 0
0 0 0
0 0 0
0 0 0
0 0 0
0 0 0
1 1 0
0 0 0
0 0 0
1 1 0
4 5 0
0 0 0
1 2 0
4 8 0
0 0 0
0 0 0
0 0 0
0 0 0
0 0 0
0 0 0
0 0 0
1 1 0
0 0 0
0 0 0
2 5 0
5 14 0
5 14 0
0 0 0
0 0 0
0 0 0
1 1 0
2 5 0
5 14 0
5 14 0
0 0 0
0 0 0
0 0 0
1 1 0
0 0 0
1 1 0
4 5 0
0 0 0
0 0 0
1 2 0
1 2 0
1 2 0
2 5 0
2 5 0
4 10 0
0 0 0
0 0 0
0 0 0
0 0 0
0 0 0
0 0 0
0 0 0
1 1 0
0 0 0
0 0 0
0 0 0
0 0 0
0 0 0
0 0 0
0 0 0
0 0 0
0 0 0
1 1 0
0 0 0
0 0 0
0 0 0
0 0 0
0 0 0
1 1 0
0 0 0
0 0 0
0 0 0
0 0 0
1 1 0
0 0 0
1 2 0
0 0 0
0 0 0
0 0 0
0 0 0
0 0 0
0 0 0
0 0 0
0 0 0
0 0 0
1 1 0
0 0 0
0 0 0
2 5 0
5 14 0
5 14 0
0 0 0
0 0 0
0 0 0
1 1 0
2 5 0
4 12 0
5 14 0
0 0 0
0 0 0
0 0 0
1 1 0
0 0 0
1 1 0
4 5 0
0 0 0
0 0 0
2 5 0
4 12 0
5 14 0
0 0 0
0 0 0
0 0 0
1 1 0
0 0 0
0 0 0
2 5 0
5 14 0
5 14 0
0 0 0
0 0 0
0 0 0
1 1 0
4 5 0
0 0 0
1 1 0
0 0 0
0 0 0
0 0 0
0 0 0
1 1 0
0 0 0
0 0 0
0 0 0
0 0 0
0 0 0
1 1 0
0 0 0
1 2 0
0 0 0
0 0 0
1 1 0
0 0 0
1 1 0
4 5 0
0 0 0
1 2 0
4 8 0
0 0 0
0 0 0
1 2 0
1 2 0
2 5 0
2 5 0
4 10 0
0 0 0
0 0 0
0 0 0
0 0 0
0 0 0
0 0 0
0 0 0
1 1 0
0 0 0
0 0 0
0 0 0
0 0 0
0 0 0
0 0 0
2 5 0
5 14 0
5 14 0
0 0 0
0 0 0
0 0 0
1 1 0
2 5 0
4 12 0
5 14 0
0 0 0
0 0 0
0 0 0
1 1 0
0 0 0
1 1 0
4 5 0
1 2 0
2 5 0
2 5 0
4 10 0
0 0 0
0 0 0
2 5 0
5 14 0
5 14 0
2 8 0
5 16 0
10 36 0
10 36 0
13 44 0
16 52 0
0 0 0
0 0 0
1 2 0
0 0 0
1 2 0
2 4 0
2 5 0
4 7 0
0 0 0
0 0 0
1 1 0
2 8 0
5 16 0
11 36 0
11 36 0
14 44 0
17 52 0
2 5 0
4 12 0
5 14 0
2 5 0
2 5 0
4 10 0
0 0 0
1 2 0
0 0 0
1 2 0
2 4 0
0 0 0
1 4 0
2 6 0
4 10 0
7 16 0
8 18 0
1 6 0
1 6 0
3 12 0
4 14 0
8 22 0
10 28 0
15 42 0
17 46 0
18 48 0
0 0 0
0 0 0
1 1 0
0 0 0
1 1 0
4 5 0
0 0 0
0 0 0
0 0 0
0 0 0
0 0 0
1 1 0
0 0 0
0 0 0
0 0 0
0 0 0
0 0 0
1 1 0
1 2 0
0 0 0
1 2 0
2 4 0
0 0 0
0 0 0
0 0 0
0 0 0
1 1 0
0 0 0
1 2 0
0 0 0
0 0 0
0 0 0
0 0 0
1 1 0
0 0 0
1 2 0
1 2 0
0 0 0
2 5 0
2 5 0
4 10 0
0 0 0
2 8 0
5 16 0
11 36 0
11 36 0
14 44 0
17 52 0
2 5 0
4 12 0
5 14 0
0 0 0
0 0 0
1 2 0
0 0 0
1 2 0
2 4 0
2 5 0
4 7 0
0 0 0
0 0 0
1 1 0
2 5 0
5 14 0
5 14 0
2 8 0
5 16 0
9 27 0
11 36 0
14 44 0
17 52 0
0 0 0
2 5 0
2 5 0
4 10 0
1 2 0
0 0 0
1 2 0
2 4 0
1 4 0
1 4 0
3 8 0
4 10 0
7 16 0
8 18 0
0 0 0
1 6 0
2 8 0
4 14 0
7 22 0
10 28 0
15 42 0
17 46 0
18 48 0
0 0 0
0 0 0
1 1 0
0 0 0
1 1 0
4 5 0
2 5 0
4 12 0
5 14 0
0 0 0
0 0 0
0 0 0
1 1 0
0 0 0
0 0 0
2 5 0
5 14 0
5 14 0
0 0 0
0 0 0
0 0 0
1 1 0
4 5 0
0 0 0
1 1 0
1 2 0
2 5 0
2 5 0
4 10 0
0 0 0
0 0 0
0 0 0
0 0 0
0 0 0
0 0 0
1 1 0
0 0 0
1 2 0
0 0 0
0 0 0
1 2 0
1 2 0
2 4 0
0 0 0
1 2 0
2 4 0
0 0 0
1 4 0
2 6 0
4 10 0
7 16 0
8 18 0
1 4 0
1 4 0
3 8 0
4 12 0
7 22 0
8 24 0
8 24 0
0 0 0
0 0 0
1 1 0
0 0 0
1 2 0
0 0 0
0 0 0
0 0 0
0 0 0
0 0 0
0 0 0
1 1 0
0 0 0
0 0 0
1 1 0
0 0 0
1 1 0
4 5 0
0 0 0
1 2 0
4 8 0
0 0 0
1 2 0
2 4 0
0 0 0
1 4 0
2 6 0
4 10 0
7 16 0
8 18 0
1 6 0
1 6 0
3 12 0
4 14 0
8 22 0
10 28 0
15 42 0
17 46 0
18 48 0
0 0 0
1 6 0
2 12 0
4 18 0
7 32 0
10 38 0
15 52 0
17 56 0
18 58 0
18 58 0
0 0 0
0 0 0
1 1 0
0 0 0
1 2 0
0 0 0
0 0 0
1 1 0
0 0 0
1 2 0
0 0 0
0 0 0
1 2 0
1 2 0
2 4 0
0 0 0
0 0 0
0 0 0
0 0 0
1 1 0
0 0 0
1 1 0
4 5 0
0 0 0
0 0 0
0 0 0
0 0 0
1 1 0
0 0 0
1 2 0
0 0 0
0 0 0
1 1 0
0 0 0
1 1 0
4 5 0
0 0 0
1 2 0
4 8 0
0 0 0
0 0 0
0 0 0
0 0 0
0 0 0
0 0 0
0 0 0
1 1 0
0 0 0
0 0 0
0 0 0
0 0 0
1 1 0
0 0 0
0 0 0
0 0 0
0 0 0
0 0 0
1 1 0
0 0 0
1 2 0
0 0 0
0 0 0
0 0 0
0 0 0
0 0 0
1 1 0
0 0 0
0 0 0
0 0 0
0 0 0
1 1 0
0 0 0
0 0 0
0 0 0
0 0 0
0 0 0
1 1 0
0 0 0
1 2 0
1 2 0
0 0 0
1 2 0
2 4 0
0 0 0
0 0 0
0 0 0
0 0 0
0 0 0
0 0 0
0 0 0
0 0 0
0 0 0
0 0 0
0 0 0
0 0 0
0 0 0
0 0 0
1 1 0
0 0 0
1 2 0
0 0 0
0 0 0
1 1 0
0 0 0
1 2 0
0 0 0
0 0 0
0 0 0
1 2 0
2 4 0
0 0 0
0 0 0
0 0 0
0 0 0
0 0 0
0 0 0
0 0 0
0 0 0
0 0 0
0 0 0
0 0 0
0 0 0
0 0 0
0 0 0
0 0 0
0 0 0
0 0 0
0 0 0
0 0 0
0 0 0
0 0 0
0 0 0
1 1 0
0 0 0
1 2 0
0 0 0
1 1 0
0 0 0
0 0 0
1 2 0
0 0 0
0 0 0
0 0 0
1 1 0
0 0 0
0 0 0
1 2 0
0 0 0
0 0 0
0 0 0
0 0 0
1 1 0
0 0 0
1 2 0
0 0 0
0 0 0
0 0 0
0 0 0
0 0 0
0 0 0
0 0 0
1 2 0
2 4 0
0 0 0
0 0 0
0 0 0
0 0 0
0 0 0
0 0 0
0 0 0
0 0 0
0 0 0
0 0 0
1 1 0
0 0 0
1 2 0
0 0 0
1 1 0
0 0 0
0 0 0
1 2 0
0 0 0
0 0 0
0 0 0
1 2 0
2 4 10
0 0 0
0 0 0
0 0 0
0 0 0
1 1 0
0 0 0
1 2 0
0 0 0
1 2 0
2 4 0
1 4 0
1 4 0
3 8 0
4 10 0
7 16 0
8 18 0
0 0 0
1 4 0
2 8 0
4 12 0
7 22 0
8 24 0
8 24 0
0 0 0
0 0 0
0 0 0
0 0 0
0 0 0
0 0 0
1 1 0
1 2 0
1 2 0
2 4 0
0 0 0
1 4 0
2 6 0
4 10 0
7 16 0
8 18 0
1 4 0
1 4 0
3 8 0
4 12 0
7 22 0
8 24 0
8 24 0
0 0 0
1 1 0
0 0 0
0 0 0
1 2 0
0 0 0
1 2 0
2 4 0
0 0 0
0 0 0
0 0 0
0 0 0
2 5 0
5 14 0
5 14 0
0 0 0
0 0 0
0 0 0
1 1 0
0 0 0
0 0 0
0 0 0
0 0 0
0 0 0
0 0 0
0 0 0
0 0 0
0 0 0
0 0 0
1 2 0
1 2 0
2 4 0
1 2 0
1 2 0
2 4 0
0 0 0
1 4 0
2 6 0
4 10 0
7 16 0
8 18 0
1 4 0
1 4 0
3 8 0
4 12 0
7 22 0
8 24 0
8 24 0
0 0 0
1 1 0
0 0 0
0 0 0
1 2 0
0 0 0
0 0 0
0 0 0
0 0 0
0 0 0
0 0 0
1 1 0
0 0 0
0 0 0
1 1 0
0 0 0
1 2 0
1 4 0
1 4 0
3 8 0
4 10 0
7 16 0
8 18 0
0 0 0
1 2 0
2 4 0
0 0 0
1 4 0
2 8 0
4 12 0
7 22 0
7 22 0
8 24 0
0 0 0
0 0 0
1 2 0
1 2 0
2 4 0
0 0 0
0 0 0
2 5 0
5 14 0
5 14 0
0 0 0
0 0 0
0 0 0
1 1 0
0 0 0
1 1 0
0 0 0
0 0 0
1 2 0
0 0 0
0 0 0
0 0 0
0 0 0
1 1 0
0 0 0
1 2 0
0 0 0
0 0 0
0 0 0
1 2 0
2 4 0
0 0 0
0 0 0
0 0 0
0 0 0
0 0 0
0 0 0
0 0 0
0 0 0
0 0 0
0 0 0
0 0 0
1 1 0
0 0 0
0 0 0
2 5 0
5 14 0
5 14 0
0 0 0
0 0 0
0 0 0
1 1 0
2 5 0
5 14 0
5 14 0
0 0 0
0 0 0
0 0 0
1 1 0
0 0 0
1 1 0
4 5 0
0 0 0
0 0 0
0 0 0
0 0 0
0 0 0
0 0 0
0 0 0
0 0 0
0 0 0
0 0 0
0 0 0
0 0 0
0 0 0
0 0 0
0 0 0
0 0 0
0 0 0
0 0 0
0 0 0
0 0 0
0 0 0
0 0 0
0 0 0
1 1 0
0 0 0
0 0 0
0 0 0
0 0 0
0 0 0
1 1 0
0 0 0
0 0 0
0 0 0
0 0 0
1 1 0
0 0 0
1 2 0
0 0 0
0 0 0
0 0 0
0 0 0
0 0 0
1 1 0
0 0 0
0 0 0
0 0 0
0 0 0
1 1 0
0 0 0
0 0 0
0 0 0
0 0 0
0 0 0
1 1 0
0 0 0
1 2 0
0 0 0
0 0 0
0 0 0
0 0 0
0 0 0
0 0 0
0 0 0
0 0 0
1 1 0
0 0 0
1 2 0
0 0 0
0 0 0
1 1 0
0 0 0
1 2 0
0 0 0
0 0 0
0 0 0
0 0 0
0 0 0
0 0 0
0 0 0
0 0 0
0 0 0
0 0 0
0 0 0
0 0 0
0 0 0
0 0 0
0 0 0
0 0 0
0 0 0
0 0 0
