#Read, #Constraints, SolvingTime(ms)
6 26 10
13 52 10
21 78 10
26 104 10
31 127 20
37 150 20
37 150 20
45 173 20
49 196 20
53 216 20
59 236 20
59 236 20
66 256 20
69 276 20
73 293 20
78 310 20
78 310 20
84 327 20
86 344 20
88 349 20
91 357 20
95 368 20
95 368 20
100 382 30
105 409 30
108 427 30
110 445 40
110 445 40
116 472 50
120 496 60
123 514 70
125 532 80
125 532 80
132 556 80
135 574 90
137 592 100
137 592 100
143 613 110
148 634 120
151 652 130
153 670 140
153 670 140
158 688 140
162 706 150
165 715 160
167 721 160
167 721 160
172 736 160
176 748 160
0 0 0
1 2 0
3 6 0
7 14 0
10 20 0
10 20 0
11 22 0
13 26 0
17 34 0
20 40 0
22 47 0
23 52 0
25 59 0
26 64 0
28 71 0
29 76 0
31 83 0
32 88 0
0 0 0
1 2 0
4 8 0
6 12 0
10 20 0
10 20 0
11 22 0
14 28 0
16 32 0
20 40 0
20 40 0
21 42 0
24 48 0
26 52 0
30 60 0
31 65 0
34 74 0
36 81 0
37 86 0
40 95 0
42 102 0
43 107 0
46 116 0
48 123 0
49 128 0
52 137 0
54 144 0
0 0 0
2 4 0
3 6 0
7 14 0
10 20 0
10 20 0
12 24 0
13 26 0
17 34 0
20 40 0
20 40 0
22 44 0
23 46 0
27 54 0
30 60 0
30 60 0
32 64 0
33 66 0
37 74 0
40 80 0
42 87 0
43 92 0
47 103 0
50 112 0
52 119 0
53 124 0
57 135 0
60 144 0
62 151 0
63 156 0
67 167 0
70 176 0
72 183 0
73 188 0
77 199 0
80 208 0
1 2 0
1 2 0
4 8 0
6 12 0
10 20 0
11 22 0
11 22 0
14 28 0
16 32 0
20 40 10
21 42 10
21 42 10
24 48 20
26 52 20
30 60 20
31 62 20
31 62 20
34 68 30
36 72 30
40 80 40
41 82 40
41 82 40
44 88 50
46 92 50
50 100 60
53 109 60
55 116 60
56 121 60
61 134 60
65 145 60
68 154 60
70 161 60
71 166 60
76 179 60
80 190 60
83 199 60
85 206 60
86 211 60
91 224 60
95 235 60
98 244 60
100 251 60
101 256 60
106 269 60
110 280 60
0 0 0
1 2 0
3 6 0
6 12 0
10 20 0
11 25 0
12 30 0
13 35 0
14 40 0
0 0 0
1 2 0
3 6 0
6 12 0
6 12 0
7 14 0
9 18 0
12 24 0
14 30 0
15 34 0
17 40 0
18 44 0
20 50 0
21 54 0
0 0 0
1 2 0
4 8 0
6 12 0
6 12 0
7 14 0
10 20 0
12 24 0
12 24 0
13 26 0
16 32 0
18 36 0
19 40 0
22 48 0
24 54 0
25 58 0
28 66 0
30 72 0
31 76 0
34 84 0
36 90 0
0 0 0
2 4 0
3 6 0
6 12 0
6 12 0
8 16 0
9 18 0
12 24 0
12 24 0
14 28 0
15 30 0
18 36 0
18 36 0
20 40 0
21 42 0
24 48 0
26 54 0
27 58 0
31 68 0
34 76 0
36 82 0
37 86 0
41 96 0
44 104 0
46 110 0
47 114 0
51 124 0
54 132 0
0 0 0
1 2 0
3 6 0
3 6 0
4 8 0
6 12 0
6 12 0
7 14 0
9 18 0
10 21 0
13 28 0
15 33 0
16 36 0
19 43 0
21 48 0
0 0 0
2 4 0
3 6 0
3 6 0
5 10 0
6 12 0
6 12 0
8 16 0
9 18 0
9 18 0
11 22 0
12 24 0
14 29 0
15 32 0
19 41 0
22 48 0
24 53 0
25 56 0
29 65 0
32 72 0
1 2 0
1 2 0
3 6 0
4 9 0
5 12 0
0 0 0
1 2 0
1 2 0
2 4 0
4 8 0
5 10 0
0 0 0
1 2 0
1 2 0
2 4 0
2 4 0
3 6 0
3 6 0
4 8 0
6 12 0
7 14 0
11 22 0
14 28 0
1 2 0
1 2 0
2 4 0
0 0 0
0 0 0
0 0 0
0 0 0
0 0 0
0 0 0
2 5 0
5 12 0
9 21 0
9 21 0
10 28 0
10 28 0
11 33 0
11 33 0
12 36 0
2 5 0
5 12 0
5 12 0
6 17 0
7 20 0
7 20 0
2 5 0
2 5 0
3 8 0
0 0 0
0 0 0
0 0 0
0 0 0
0 0 0
0 0 0
0 0 0
2 4 0
3 6 0
0 0 0
1 2 0
2 4 0
0 0 0
2 13 0
5 26 0
9 39 0
11 44 0
14 52 0
18 62 0
20 76 0
20 76 0
20 76 0
22 87 0
23 92 0
25 100 0
26 103 10
26 103 10
28 109 10
2 11 0
5 22 0
7 27 0
10 35 0
12 47 0
12 47 0
14 56 0
14 56 0
16 62 0
17 65 0
2 5 0
3 7 0
3 7 0
2 8 0
4 13 0
6 22 0
6 22 0
8 28 0
8 28 0
2 5 0
5 12 0
9 21 0
9 21 0
10 28 0
11 33 0
11 33 0
12 36 0
12 36 0
2 5 0
5 12 0
5 12 0
6 17 0
7 20 0
7 20 0
0 0 0
2 5 0
2 5 0
3 8 0
0 0 0
0 0 0
0 0 0
0 0 0
0 0 0
0 0 0
2 8 0
4 13 0
5 14 0
7 18 0
2 4 0
3 6 0
0 0 0
1 2 0
1 2 0
2 4 0
4 8 0
5 10 0
0 0 0
1 2 0
2 4 0
2 5 0
3 6 0
0 0 0
0 0 0
0 0 0
3 17 0
6 34 0
10 51 0
12 65 0
15 79 0
19 93 0
21 98 0
24 106 0
28 117 0
32 135 0
35 153 10
35 153 10
37 168 10
37 168 10
40 183 10
42 195 10
42 195 10
45 207 20
47 213 20
48 216 20
51 225 20
4 11 0
8 22 0
10 30 0
12 35 0
15 46 0
16 48 0
16 48 0
19 56 0
20 58 0
20 58 0
3 14 0
7 28 0
9 39 0
13 50 0
15 55 0
18 63 0
21 78 0
25 93 0
25 93 0
28 105 0
30 117 0
30 117 0
33 126 0
35 132 0
35 132 0
3 7 0
5 12 0
7 16 0
7 16 0
8 18 0
2 13 0
5 26 0
9 39 0
11 44 0
14 52 0
18 62 0
20 76 0
20 76 0
22 87 0
22 87 0
24 95 10
25 100 10
27 106 10
28 109 10
28 109 10
2 8 0
4 13 0
6 22 0
6 22 0
8 28 0
8 28 0
2 11 0
5 22 0
7 27 0
10 35 0
12 47 0
12 47 0
14 56 10
14 56 10
16 62 10
17 65 10
2 5 0
2 5 0
3 7 0
2 5 0
6 14 0
9 21 0
9 21 0
10 28 0
11 33 0
11 33 0
12 36 0
12 36 0
2 5 0
2 5 0
3 8 0
3 7 0
5 12 0
5 12 0
6 17 0
7 20 0
7 20 0
0 0 0
0 0 0
0 0 0
0 0 0
0 0 0
0 0 0
0 0 0
2 8 0
4 13 0
5 14 0
7 18 0
4 11 0
7 22 0
9 30 0
11 35 0
14 46 0
15 48 0
16 50 0
19 58 0
2 4 0
3 6 0
0 0 0
1 2 0
1 2 0
2 4 0
4 8 0
5 10 0
0 0 0
1 2 0
1 2 0
2 4 0
2 4 0
3 6 0
5 10 0
6 12 0
9 18 0
0 0 0
1 2 0
2 4 0
2 5 0
3 6 0
3 7 0
5 12 0
6 13 0
8 16 0
0 0 0
0 0 0
0 0 0
0 0 0
0 0 0
0 0 0
6 17 0
10 34 0
15 51 0
19 65 0
22 79 0
24 90 0
27 101 0
29 106 0
32 114 0
37 131 0
42 148 0
43 150 0
43 150 0
48 164 0
51 178 0
52 180 0
52 180 0
56 191 0
59 199 0
60 201 0
60 201 0
6 20 0
10 40 0
14 60 0
17 77 0
20 94 0
24 111 0
26 125 0
29 139 0
33 153 0
35 158 0
38 166 0
42 177 0
47 198 0
51 219 0
56 240 0
56 240 0
59 258 0
63 276 10
63 276 10
67 294 20
70 309 30
72 324 30
72 324 30
76 339 40
79 348 40
81 354 50
81 354 50
85 366 50
4 9 0
7 16 0
9 21 0
12 27 0
13 29 0
15 33 0
15 33 0
5 13 0
9 26 0
13 37 0
16 48 0
18 56 0
20 61 0
24 74 0
26 78 0
26 78 0
27 80 0
31 90 0
33 94 0
33 94 0
34 96 0
3 14 0
6 28 0
8 39 0
11 50 0
13 55 0
16 63 0
20 78 0
24 93 0
24 93 0
27 105 0
29 117 10
29 117 10
32 126 10
34 132 10
34 132 10
4 17 0
8 34 0
12 51 0
14 65 0
18 79 0
22 93 0
24 98 0
27 106 0
31 117 0
34 135 0
37 153 10
37 153 10
40 168 10
42 183 20
42 183 20
45 195 30
47 207 40
47 207 40
50 216 50
52 222 50
53 225 50
3 7 0
5 12 0
6 14 0
8 18 0
8 18 0
3 11 0
6 22 0
8 30 0
10 35 0
13 46 0
13 46 0
14 48 0
17 56 0
17 56 0
18 58 0
2 11 0
6 22 0
9 30 0
11 35 0
13 47 0
13 47 0
15 56 0
15 56 0
17 62 0
18 65 0
2 13 0
7 26 0
11 39 0
13 44 0
17 54 0
20 62 0
22 76 10
22 76 10
24 87 10
24 87 10
26 95 10
27 100 10
29 106 10
30 109 10
30 109 10
2 5 0
3 7 0
3 7 0
2 8 0
4 13 0
4 13 0
6 22 0
8 28 0
8 28 0
2 5 0
5 12 0
5 12 0
6 17 0
7 20 0
7 20 0
3 7 0
5 12 0
9 21 0
9 21 0
10 28 0
11 33 10
11 33 10
12 36 10
12 36 10
0 0 0
2 5 0
2 5 0
3 8 0
0 0 0
0 0 0
0 0 0
0 0 0
0 0 0
0 0 0
2 8 0
4 13 0
5 14 0
7 18 0
4 11 0
7 22 0
9 30 0
11 35 0
12 37 0
15 48 0
18 56 0
19 58 0
4 10 0
8 23 0
12 34 0
15 45 0
17 53 0
19 58 0
22 65 0
23 67 0
25 71 0
29 81 0
30 83 0
32 87 0
2 4 0
3 6 0
1 2 0
1 2 0
2 4 0
2 4 0
4 8 0
5 10 0
1 2 0
1 2 0
2 4 0
2 4 0
3 6 0
3 6 0
6 12 0
8 16 0
9 18 0
1 2 0
1 2 0
2 4 0
2 4 0
3 6 0
3 6 0
4 8 0
4 8 0
7 14 0
9 18 0
10 20 0
14 28 0
0 0 0
1 2 0
2 4 0
2 5 0
3 6 0
3 7 0
5 12 0
7 15 0
8 16 0
4 9 0
7 16 0
9 21 0
11 24 0
14 29 0
15 30 0
0 0 0
0 0 0
0 0 0
0 0 0
0 0 0
0 0 0
0 0 0
0 0 0
0 0 0
0 0 0
0 0 0
0 0 10
0 0 10
0 0 0
0 0 0
0 0 0
2 5 0
5 12 0
5 12 0
6 17 0
6 17 0
7 20 0
2 5 0
2 5 0
3 8 0
0 0 0
0 0 0
0 0 0
0 0 0
0 0 0
1 2 0
2 4 0
0 0 0
2 11 0
6 22 0
8 27 0
11 35 0
13 47 0
13 47 0
13 47 0
15 56 0
16 59 0
18 65 0
2 8 0
4 13 0
6 22 0
6 22 0
8 28 0
8 28 0
2 5 0
3 7 0
3 7 0
2 5 0
5 12 0
5 12 0
6 17 0
7 20 0
7 20 0
2 5 0
2 5 0
3 8 0
0 0 0
0 0 0
0 0 0
0 0 0
0 0 0
1 2 0
1 2 0
2 4 0
3 6 0
5 10 0
0 0 0
1 2 0
2 4 0
2 5 0
3 6 0
0 0 0
0 0 0
0 0 0
4 14 0
8 28 0
10 39 0
14 50 0
16 55 0
19 63 0
22 78 0
26 93 0
26 93 0
28 105 0
28 105 0
31 117 0
33 123 0
33 123 0
36 132 0
3 7 0
5 12 0
7 16 0
8 18 0
8 18 0
4 11 0
7 22 0
9 30 0
11 35 0
14 46 0
15 48 0
15 48 0
18 56 0
19 58 0
19 58 0
2 11 0
6 22 0
8 27 0
11 35 0
13 47 0
13 47 0
15 56 0
15 56 0
17 62 0
18 65 0
2 5 0
3 7 0
3 7 0
2 8 0
4 13 0
6 22 0
6 22 0
8 28 0
8 28 0
2 5 0
5 12 0
5 12 0
6 17 0
7 20 0
7 20 0
0 0 0
2 5 0
2 5 0
3 8 0
0 0 0
0 0 0
0 0 0
1 2 0
1 2 0
2 4 0
2 4 0
4 8 0
5 10 0
0 0 0
1 2 0
1 2 0
2 4 0
2 4 0
3 6 0
6 12 0
8 16 0
9 18 0
0 0 0
1 2 0
2 4 0
2 5 0
3 6 0
3 7 0
5 12 0
7 15 0
8 16 0
0 0 0
0 0 0
0 0 0
0 0 0
0 0 0
0 0 0
2 8 0
4 13 0
6 22 0
6 22 0
6 22 0
8 28 0
2 5 0
3 7 0
3 7 0
2 5 0
2 5 0
3 8 0
0 0 0
0 0 0
2 5 0
3 6 0
0 0 0
0 0 0
0 0 0
3 11 0
6 22 0
8 30 0
10 35 0
12 40 0
13 42 0
13 42 0
14 44 0
14 44 0
17 52 0
3 7 0
5 12 0
7 16 0
8 18 0
8 18 0
2 8 0
4 13 0
6 22 0
6 22 0
8 28 0
8 28 0
2 5 0
3 7 0
3 7 0
2 5 0
2 5 0
3 8 0
0 0 0
0 0 0
2 5 0
3 6 0
3 7 0
5 12 0
7 15 0
8 16 0
0 0 0
0 0 0
0 0 0
0 0 0
0 0 0
0 0 0
0 0 0
0 0 0
0 0 0
3 7 0
5 12 0
7 16 0
8 18 0
8 18 0
2 5 0
3 7 0
3 7 0
0 0 0
0 0 0
0 0 0
0 0 0
0 0 0
0 0 0
0 0 0
0 0 0
1 2 0
3 6 0
6 12 0
7 16 0
8 20 0
9 24 0
0 0 0
1 2 0
2 4 0
0 0 0
0 0 0
1 2 0
3 6 0
4 9 0
5 12 0
0 0 0
0 0 0
1 2 0
2 4 0
0 0 0
0 0 0
0 0 0
1 2 0
3 6 0
6 12 0
7 16 0
8 20 0
9 24 0
0 0 0
1 2 0
4 8 0
6 12 0
6 12 0
7 14 0
10 20 0
12 24 0
13 28 0
15 34 0
16 38 0
18 44 0
19 48 0
21 54 0
0 0 0
1 2 0
3 6 0
3 6 0
4 8 0
6 12 0
7 15 0
9 20 0
10 23 0
12 28 0
1 2 0
1 2 0
2 4 0
0 0 0
0 0 0
0 0 0
0 0 0
1 2 0
3 6 0
4 9 0
5 12 0
0 0 0
2 4 0
3 6 0
3 6 0
5 10 0
6 12 0
8 17 0
9 20 0
11 25 0
12 28 0
0 0 0
1 2 0
1 2 0
2 4 0
4 8 0
5 10 0
0 0 0
0 0 0
0 0 0
0 0 0
0 0 0
0 0 0
0 0 0
1 2 0
2 4 0
1 2 0
1 2 0
2 4 0
2 4 0
4 8 0
5 10 0
0 0 0
1 2 0
1 2 0
2 4 0
4 8 0
5 10 0
5 10 0
0 0 0
0 0 0
0 0 0
1 2 0
4 8 0
6 12 0
7 16 0
8 20 0
9 24 0
0 0 0
1 2 0
2 4 0
0 0 0
0 0 0
2 4 0
3 6 0
4 9 0
5 12 0
0 0 0
0 0 0
0 0 0
1 2 0
1 2 0
2 4 0
1 2 0
1 2 0
2 4 0
0 0 0
0 0 0
0 0 0
0 0 0
0 0 0
0 0 0
1 2 0
3 6 0
6 12 0
7 16 0
8 20 0
9 24 0
0 0 0
1 2 0
4 8 0
6 12 0
6 12 0
7 14 0
10 20 0
12 24 0
13 28 0
15 34 0
16 38 0
18 44 0
19 48 0
21 54 0
0 0 0
2 4 0
3 6 0
6 12 0
6 12 0
8 16 0
9 18 0
12 24 0
12 24 0
14 28 0
15 30 0
18 36 0
20 42 0
21 46 0
24 54 0
26 60 0
27 64 0
30 72 0
32 78 0
33 82 0
36 90 0
0 0 0
1 2 0
3 6 0
3 6 0
4 8 0
6 12 0
7 15 0
9 20 0
10 23 0
12 28 0
0 0 0
2 4 0
3 6 0
3 6 0
5 10 0
6 12 0
6 12 0
8 16 0
9 18 0
11 23 0
12 26 0
15 33 0
17 38 0
18 41 0
21 48 0
0 0 0
1 2 0
2 4 0
0 0 0
1 2 0
1 2 0
2 4 0
2 4 0
3 6 0
5 10 0
6 12 0
9 18 0
0 0 0
0 0 0
0 0 0
0 0 0
1 2 0
2 4 0
1 2 0
1 2 0
2 4 0
2 4 0
4 8 0
5 10 0
0 0 0
1 2 0
1 2 0
2 4 0
2 4 0
3 6 0
6 12 0
8 16 0
9 18 0
1 2 0
1 2 0
2 4 0
2 4 0
3 6 0
3 6 0
6 12 0
8 16 0
9 18 0
9 18 0
0 0 0
0 0 0
0 0 0
0 0 0
0 0 0
0 0 0
1 2 0
3 6 0
4 9 0
5 12 0
0 0 0
2 4 0
3 6 0
3 6 0
5 10 0
6 12 0
8 17 0
9 20 0
11 25 0
12 28 0
1 2 0
1 2 0
3 6 0
4 8 0
4 8 0
6 12 0
7 14 0
7 14 0
9 18 0
12 25 0
14 30 0
15 33 0
18 40 0
20 45 0
21 48 0
0 0 0
2 4 0
3 6 0
3 6 0
5 10 0
6 12 0
6 12 0
8 16 0
9 18 0
12 24 0
14 28 0
15 30 0
15 30 0
18 36 0
20 40 0
21 42 0
21 42 0
0 0 0
1 2 0
1 2 0
2 4 0
4 8 0
5 10 0
1 2 0
1 2 0
2 4 0
2 4 0
3 6 0
3 6 0
6 12 0
8 16 0
9 18 0
0 0 0
0 0 0
0 0 0
0 0 0
0 0 0
0 0 0
0 0 0
0 0 0
0 0 0
0 0 0
0 0 0
0 0 0
0 0 0
0 0 0
1 2 0
4 8 0
6 12 0
7 16 0
8 20 0
9 24 0
0 0 0
2 4 0
3 6 0
6 12 0
6 12 0
8 16 0
9 18 0
12 24 0
14 30 0
15 34 0
17 40 0
18 44 0
20 50 0
21 54 0
0 0 0
2 4 0
3 6 0
3 6 0
5 10 0
6 12 0
8 17 0
9 20 0
11 25 0
12 28 0
0 0 0
1 2 0
2 4 0
0 0 0
0 0 0
0 0 0
1 2 0
1 2 0
2 4 0
0 0 0
1 2 0
1 2 0
2 4 0
4 8 0
5 10 0
1 2 0
1 2 0
2 4 0
2 4 0
4 8 0
5 10 0
5 10 0
0 0 0
0 0 0
0 0 0
2 4 0
3 6 0
4 9 0
5 12 0
1 2 0
1 2 0
3 6 0
4 8 0
4 8 0
6 12 0
8 17 0
9 20 0
11 25 0
12 28 0
1 2 0
1 2 0
2 4 0
2 4 0
4 8 0
5 10 0
0 0 0
0 0 0
0 0 0
0 0 0
0 0 0
0 0 0
0 0 0
2 4 0
3 6 0
6 12 0
7 16 0
8 20 0
9 24 0
0 0 0
1 2 0
2 4 0
0 0 0
0 0 0
1 2 0
2 4 0
1 2 0
1 2 0
3 6 0
4 9 0
5 12 0
0 0 0
0 0 0
0 0 0
0 0 0
1 2 0
2 4 0
0 0 0
1 2 0
2 4 0
2 5 0
3 6 0
0 0 0
1 2 0
1 2 0
2 4 0
2 4 0
3 6 0
5 10 0
6 12 0
9 18 0
0 0 0
0 0 0
0 0 0
0 0 0
2 5 0
3 7 0
3 7 0
0 0 0
0 0 0
0 0 0
0 0 0
0 0 0
0 0 0
0 0 0
0 0 0
0 0 0
0 0 0
0 0 0
0 0 0
0 0 0
0 0 0
1 2 0
3 6 0
4 9 0
5 12 0
0 0 0
2 4 0
3 6 0
3 6 0
5 10 0
6 12 0
8 17 0
9 20 0
11 25 0
12 28 0
1 2 0
1 2 0
3 6 0
4 8 0
4 8 0
6 12 0
7 14 0
7 14 0
9 18 0
12 25 0
14 30 0
15 33 0
18 40 0
20 45 0
21 48 0
0 0 0
2 4 0
3 6 0
3 6 0
5 10 0
6 12 0
6 12 0
8 16 0
9 18 0
9 18 0
11 22 0
12 24 0
16 33 0
19 40 0
21 45 0
22 48 0
26 57 0
29 64 0
31 69 0
32 72 0
1 2 0
1 2 0
3 6 0
4 8 0
4 8 0
6 12 0
7 14 0
7 14 0
9 18 0
10 20 0
10 20 0
12 24 0
16 32 0
19 38 0
21 42 0
22 44 0
22 44 0
26 52 0
29 58 0
31 62 0
32 64 0
32 64 0
0 0 0
1 2 0
1 2 0
2 4 0
4 8 0
5 10 0
1 2 0
1 2 0
2 4 0
2 4 0
3 6 0
3 6 0
6 12 0
8 16 0
9 18 0
0 0 0
1 2 0
1 2 0
2 4 0
2 4 0
3 6 0
3 6 0
4 8 0
8 16 0
11 22 0
13 26 0
14 28 0
0 0 0
0 0 0
0 0 0
0 0 0
0 0 0
0 0 0
0 0 0
0 0 0
0 0 0
1 2 0
3 6 0
6 12 0
7 16 0
8 20 0
9 24 0
0 0 0
1 2 0
4 8 0
6 12 0
6 12 0
7 14 0
10 20 0
12 24 0
13 28 0
15 34 0
16 38 0
18 44 0
19 48 0
21 54 0
0 0 0
2 4 0
3 6 0
6 12 0
6 12 0
8 16 0
9 18 0
12 24 0
12 24 0
14 28 0
15 30 0
18 36 0
20 42 0
21 46 0
24 54 0
26 60 0
27 64 0
30 72 0
32 78 0
33 82 0
36 90 0
1 2 0
1 2 0
4 8 0
6 12 0
7 14 0
7 14 0
10 20 0
12 24 0
13 26 0
13 26 0
16 32 0
18 36 0
19 38 0
19 38 0
22 44 0
24 48 0
27 56 0
29 62 0
30 66 0
34 76 0
37 84 0
39 90 0
40 94 0
44 104 0
47 112 0
49 118 0
50 122 0
54 132 0
0 0 0
2 4 0
3 6 0
6 12 0
6 12 0
8 16 0
9 18 0
12 24 10
12 24 10
14 28 10
15 30 10
18 36 20
18 36 20
20 40 20
21 42 20
24 48 20
27 54 20
29 58 20
30 60 20
30 60 20
34 68 20
37 74 20
39 78 20
40 80 20
40 80 20
44 88 20
47 94 20
49 98 20
50 100 20
50 100 20
54 108 30
0 0 0
1 2 0
3 6 0
3 6 0
4 8 0
6 12 0
7 15 0
9 20 0
10 23 0
12 28 0
0 0 0
2 4 0
3 6 0
3 6 0
5 10 0
6 12 0
6 12 0
8 16 0
9 18 0
11 23 0
12 26 0
15 33 0
17 38 0
18 41 0
21 48 0
1 2 0
1 2 0
3 6 0
4 8 0
4 8 0
6 12 0
7 14 0
7 14 0
9 18 0
10 20 0
10 20 0
12 24 10
15 31 10
17 36 10
18 39 10
22 48 10
25 55 10
27 60 10
28 63 10
32 72 10
1 2 0
1 2 0
2 4 0
0 0 0
1 2 0
1 2 0
2 4 0
2 4 0
3 6 0
5 10 0
6 12 0
9 18 0
1 2 0
1 2 0
2 4 0
2 4 0
3 6 0
3 6 0
4 8 0
4 8 0
7 14 0
9 18 0
10 20 0
14 28 0
0 0 0
0 0 0
0 0 0
0 0 0
0 0 0
0 0 0
0 0 0
0 0 0
0 0 0
0 0 0
0 0 0
0 0 0
0 0 0
0 0 0
0 0 0
0 0 0
0 0 0
0 0 0
0 0 0
0 0 0
0 0 0
0 0 0
1 2 0
2 4 0
1 2 0
1 2 0
2 4 0
2 4 0
4 8 0
5 10 0
1 2 0
1 2 0
2 4 0
2 4 0
3 6 0
3 6 0
4 8 0
4 8 0
8 16 0
11 22 0
13 26 0
14 28 0
0 0 0
1 2 0
1 2 0
2 4 0
2 4 0
3 6 0
6 12 0
8 16 0
9 18 0
0 0 0
1 2 0
1 2 0
2 4 0
2 4 0
3 6 0
3 6 0
4 8 0
8 16 0
11 22 0
13 26 0
13 26 0
14 28 0
0 0 0
0 0 0
0 0 0
0 0 0
0 0 0
0 0 0
0 0 0
0 0 0
0 0 0
0 0 0
2 4 0
3 6 0
4 9 0
5 12 0
1 2 0
1 2 0
3 6 0
4 8 0
4 8 0
6 12 0
8 17 0
9 20 0
11 25 0
12 28 0
0 0 0
2 4 0
3 6 0
3 6 0
5 10 0
6 12 0
6 12 0
8 16 0
9 18 0
12 25 0
14 30 0
15 33 0
18 40 0
20 45 0
21 48 0
1 2 0
1 2 0
3 6 0
4 8 0
4 8 0
6 12 0
7 14 0
7 14 0
9 18 0
12 24 0
14 28 0
15 30 0
15 30 0
18 36 0
20 40 0
21 42 0
21 42 0
1 2 0
1 2 0
2 4 0
2 4 0
4 8 0
5 10 0
0 0 0
1 2 0
1 2 0
2 4 0
2 4 0
3 6 0
6 12 0
8 16 0
9 18 0
0 0 0
0 0 0
0 0 0
0 0 0
0 0 0
1 2 0
4 8 0
6 12 0
7 16 0
8 20 0
9 24 0
0 0 0
2 4 0
3 6 0
6 12 0
6 12 0
8 16 0
9 18 0
12 24 0
14 30 0
15 34 0
17 40 0
18 44 0
20 50 0
21 54 0
1 2 10
1 2 10
4 8 10
6 12 10
7 14 10
7 14 10
10 20 20
12 24 20
13 26 20
13 26 20
16 32 20
18 36 20
21 44 20
23 50 20
24 54 20
27 62 20
29 68 20
30 72 20
33 80 20
35 86 20
36 90 20
0 0 0
2 4 0
3 6 0
3 6 0
5 10 0
6 12 0
8 17 0
9 20 0
11 25 0
12 28 0
1 2 0
1 2 0
3 6 0
4 8 0
4 8 0
6 12 0
7 14 0
7 14 0
9 18 0
12 25 0
14 30 0
15 33 0
18 40 0
20 45 0
21 48 0
1 2 0
1 2 0
2 4 0
1 2 0
1 2 0
2 4 0
2 4 0
3 6 0
3 6 0
6 12 0
8 16 0
9 18 0
0 0 0
0 0 0
0 0 0
0 0 0
0 0 0
0 0 0
0 0 0
0 0 0
0 0 0
0 0 0
0 0 0
0 0 0
1 2 0
1 2 0
2 4 0
1 2 0
1 2 0
2 4 0
2 4 0
3 6 0
3 6 0
6 12 0
8 16 0
9 18 0
0 0 0
1 2 0
1 2 0
2 4 0
4 8 0
5 10 0
0 0 0
1 2 0
1 2 10
2 4 10
2 4 10
3 6 10
6 12 10
8 16 10
8 16 10
9 18 10
0 0 0
0 0 0
0 0 0
0 0 0
0 0 0
1 2 0
1 2 0
3 6 0
4 9 0
5 12 0
0 0 0
2 4 0
3 6 0
3 6 0
5 10 0
6 12 0
8 17 0
9 20 0
11 25 0
12 28 0
0 0 0
1 2 0
1 2 0
2 4 0
4 8 0
5 10 0
0 0 0
0 0 0
2 4 0
3 6 0
6 12 0
7 16 0
8 20 0
9 24 0
1 2 0
1 2 0
4 8 0
6 12 0
7 14 0
7 14 0
10 20 0
12 24 0
14 30 0
15 34 0
17 40 0
18 44 0
20 50 0
21 54 0
1 2 0
1 2 0
3 6 0
4 8 0
4 8 0
6 12 0
8 17 0
9 20 0
11 25 0
12 28 0
1 2 0
1 2 0
2 4 0
0 0 0
0 0 0
0 0 0
0 0 0
0 0 0
0 0 0
0 0 0
0 0 0
1 2 0
1 2 0
2 4 0
2 4 0
4 8 0
5 10 0
0 0 0
1 2 0
2 4 0
0 0 0
1 2 10
1 2 20
2 4 20
4 8 20
4 8 20
5 10 20
0 0 0
0 0 0
0 0 0
2 4 0
3 6 0
4 9 0
5 12 0
0 0 0
1 2 0
1 2 0
4 8 0
6 12 0
7 16 0
8 20 0
9 24 0
1 2 0
1 2 0
2 4 0
0 0 0
0 0 0
0 0 0
1 2 0
1 2 0
2 4 0
1 2 0
1 2 0
2 4 0
2 5 0
3 6 0
0 0 0
1 2 0
2 4 0
0 0 0
1 2 0
1 2 0
2 4 0
2 4 0
3 6 0
6 12 0
7 14 0
9 18 0
0 0 0
0 0 0
1 2 0
1 2 0
2 4 0
3 7 0
5 12 0
6 13 0
8 16 0
0 0 0
1 2 0
1 2 0
2 4 0
4 8 0
5 10 0
0 0 0
1 2 0
1 2 0
2 4 0
2 4 0
3 6 0
3 6 0
4 8 0
8 16 0
11 22 0
12 24 0
14 28 0
0 0 0
0 0 0
0 0 0
0 0 0
0 0 0
0 0 0
0 0 0
2 5 0
3 7 0
3 7 0
0 0 0
0 0 0
0 0 0
0 0 0
3 7 0
5 12 0
7 16 0
8 18 0
8 18 0
2 5 0
3 7 0
3 7 0
0 0 0
0 0 0
0 0 0
0 0 0
0 0 0
0 0 0
0 0 0
0 0 0
0 0 0
0 0 0
0 0 0
0 0 0
0 0 0
0 0 0
0 0 0
0 0 0
0 0 0
0 0 0
0 0 0
0 0 0
0 0 0
0 0 0
0 0 0
0 0 0
0 0 0
0 0 0
0 0 0
1 2 0
3 6 0
4 9 0
5 12 0
0 0 0
0 0 0
1 2 0
2 4 0
0 0 0
0 0 0
0 0 0
1 2 0
3 6 0
4 9 0
5 12 0
0 0 0
1 2 0
3 6 0
3 6 0
4 8 0
6 12 0
7 15 0
9 20 0
10 23 0
12 28 0
0 0 0
1 2 0
1 2 0
2 4 0
3 6 0
5 10 0
0 0 0
0 0 0
1 2 0
2 4 0
0 0 0
1 2 0
1 2 0
2 4 0
4 8 0
5 10 0
1 2 0
1 2 0
2 4 0
2 4 0
4 8 0
5 10 0
5 10 0
0 0 0
0 0 0
0 0 0
0 0 0
0 0 0
0 0 0
0 0 0
0 0 0
1 2 0
3 6 0
4 9 0
5 12 0
0 0 0
0 0 0
1 2 0
2 4 0
0 0 0
0 0 0
0 0 0
0 0 0
0 0 0
0 0 0
0 0 0
0 0 0
1 2 0
3 6 0
4 9 0
5 12 0
0 0 0
1 2 0
3 6 0
3 6 0
4 8 0
6 12 0
7 15 0
9 20 0
10 23 0
12 28 0
0 0 0
2 4 0
3 6 0
3 6 0
5 10 0
6 12 0
6 12 0
8 16 0
9 18 0
11 23 0
12 26 0
15 33 0
17 38 0
18 41 0
21 48 0
1 2 0
1 2 0
3 6 0
4 8 0
4 8 0
6 12 0
7 14 0
7 14 0
9 18 0
11 22 0
12 24 0
12 24 0
15 30 0
17 34 0
18 36 0
18 36 0
21 42 0
0 0 0
1 2 0
1 2 0
2 4 0
3 6 0
5 10 0
0 0 0
1 2 0
1 2 0
2 4 0
2 4 0
3 6 0
5 10 0
6 12 0
9 18 0
0 0 0
0 0 0
0 0 0
0 0 0
0 0 0
0 0 0
0 0 0
0 0 0
0 0 0
0 0 0
0 0 0
0 0 0
0 0 0
0 0 0
1 2 0
2 4 0
0 0 0
1 2 0
1 2 0
2 4 0
4 8 0
5 10 0
1 2 0
1 2 0
2 4 0
2 4 0
3 6 10
3 6 10
6 12 10
8 16 10
9 18 10
0 0 0
1 2 0
1 2 0
2 4 0
2 4 0
3 6 0
6 12 0
8 16 0
9 18 0
9 18 0
0 0 0
0 0 0
0 0 0
0 0 0
0 0 0
0 0 0
1 2 0
3 6 0
4 9 0
5 12 0
0 0 0
2 4 0
3 6 0
3 6 0
5 10 0
6 12 0
8 17 0
9 20 0
11 25 0
12 28 0
0 0 0
1 2 0
1 2 0
2 4 0
4 8 0
5 10 0
0 0 0
0 0 0
0 0 0
0 0 0
0 0 0
0 0 0
0 0 0
1 2 0
2 4 0
1 2 0
1 2 0
2 4 0
2 4 0
4 8 0
5 10 0
0 0 0
1 2 0
1 2 0
2 4 0
4 8 0
5 10 0
5 10 0
0 0 0
0 0 0
0 0 0
2 4 0
3 6 0
4 9 0
5 12 0
0 0 0
0 0 0
0 0 0
1 2 0
1 2 0
2 4 0
0 0 0
0 0 0
2 5 0
3 7 0
3 7 0
0 0 0
0 0 0
0 0 0
0 0 0
0 0 0
0 0 0
0 0 0
0 0 0
0 0 0
0 0 0
0 0 0
0 0 0
0 0 0
0 0 0
1 2 0
2 4 0
0 0 0
1 2 0
1 2 0
2 4 0
3 6 0
5 10 0
0 0 0
1 2 0
1 2 0
2 4 0
3 6 0
3 6 0
5 10 0
0 0 0
0 0 0
0 0 0
0 0 0
0 0 0
0 0 0
0 0 0
0 0 0
1 2 0
2 4 0
0 0 0
0 0 0
0 0 0
0 0 0
0 0 0
0 0 0
1 2 0
2 4 0
0 0 0
1 2 0
1 2 0
2 4 0
3 6 0
5 10 0
0 0 0
1 2 0
1 2 0
2 4 0
2 4 0
3 6 0
5 10 0
6 12 0
9 18 0
1 2 0
1 2 0
2 4 0
2 4 0
3 6 0
3 6 0
5 10 0
6 12 0
6 12 0
9 18 0
0 0 0
0 0 0
0 0 0
0 0 0
0 0 0
0 0 0
0 0 0
0 0 0
0 0 0
0 0 0
0 0 0
0 0 0
0 0 0
0 0 0
0 0 0
1 2 0
2 4 0
0 0 0
1 2 0
1 2 0
2 4 0
4 8 0
5 10 0
1 2 0
1 2 0
2 4 0
2 4 0
4 8 0
5 10 0
5 10 0
0 0 0
0 0 0
0 0 0
0 0 0
0 0 0
0 0 0
0 0 0
0 0 0
1 2 0
2 4 0
0 0 0
0 0 0
0 0 0
0 0 0
0 0 0
0 0 0
0 0 0
0 0 0
0 0 0
0 0 0
0 0 0
0 0 0
0 0 0
0 0 0
0 0 0
0 0 0
0 0 0
0 0 0
0 0 0
0 0 0
0 0 0
0 0 0
0 0 0
0 0 0
0 0 0
0 0 0
0 0 0
0 0 0
0 0 0
0 0 0
0 0 0
0 0 0
0 0 0
0 0 0
0 0 0
0 0 0
2 5 0
5 12 0
5 12 0
6 17 0
7 20 0
7 20 0
2 5 0
2 5 0
3 8 0
0 0 0
0 0 0
0 0 0
0 0 0
1 2 0
1 2 0
2 4 0
0 0 0
2 5 0
2 5 0
3 8 0
0 0 0
0 0 0
0 0 0
0 0 0
2 5 0
2 5 0
3 8 0
0 0 0
0 0 0
0 0 0
0 0 0
0 0 0
0 0 0
0 0 0
0 0 0
0 0 0
0 0 0
0 0 0
0 0 0
0 0 0
0 0 0
0 0 0
0 0 0
0 0 0
0 0 0
0 0 0
0 0 0
2 5 0
5 12 0
5 12 0
6 17 0
7 20 0
7 20 0
2 5 0
2 5 0
3 8 0
0 0 0
0 0 0
0 0 0
0 0 10
1 2 10
1 2 10
2 4 10
0 0 0
2 11 0
6 22 0
8 27 0
11 35 0
13 47 10
13 47 10
15 56 10
15 56 10
17 62 10
18 65 10
2 5 0
3 7 0
3 7 0
2 8 0
4 13 0
6 22 0
6 22 0
8 28 10
8 28 10
2 5 0
5 12 0
5 12 0
6 17 0
7 20 0
7 20 0
0 0 0
2 5 0
2 5 0
3 8 0
0 0 0
0 0 0
0 0 0
0 0 0
1 2 0
2 4 0
0 0 0
1 2 0
1 2 0
2 4 0
4 8 0
5 10 0
2 5 0
3 6 0
0 0 0
0 0 0
0 0 0
2 5 0
2 5 0
3 8 0
0 0 0
0 0 0
0 0 0
2 8 0
4 13 0
6 22 0
6 22 0
8 28 0
8 28 0
2 5 0
3 7 0
3 7 0
2 5 0
2 5 0
3 8 0
0 0 0
0 0 0
2 5 0
3 6 0
0 0 0
0 0 0
0 0 0
2 5 0
3 7 0
3 7 0
0 0 0
0 0 0
0 0 0
0 0 0
0 0 0
0 0 0
2 5 0
3 7 0
3 7 0
0 0 0
0 0 0
0 0 0
0 0 0
2 5 0
2 5 0
3 7 0
0 0 0
0 0 0
0 0 0
0 0 0
0 0 0
0 0 0
0 0 0
0 0 0
2 5 0
2 5 0
3 8 0
0 0 0
0 0 0
0 0 0
2 5 0
3 7 0
3 7 0
2 8 0
4 13 0
6 22 0
6 22 0
8 28 0
8 28 0
0 0 0
2 5 0
2 5 0
3 8 0
0 0 0
2 5 0
3 6 0
0 0 0
0 0 0
0 0 0
2 8 0
4 13 0
6 22 0
6 22 0
8 28 0
8 28 0
2 5 0
2 5 0
3 7 0
2 5 0
2 5 0
3 8 0
0 0 0
0 0 0
0 0 0
1 2 0
2 4 0
0 0 0
1 2 0
1 2 0
2 4 0
4 8 0
5 10 0
1 2 0
1 2 0
2 4 0
2 4 0
3 6 0
3 6 0
6 12 0
8 16 0
9 18 0
0 0 0
0 0 0
0 0 0
0 0 0
0 0 0
0 0 0
0 0 0
0 0 0
2 5 0
3 7 0
3 7 0
0 0 0
0 0 0
0 0 0
0 0 0
0 0 0
0 0 0
0 0 0
2 5 0
5 12 0
5 12 0
6 17 0
7 20 0
7 20 0
0 0 0
2 5 0
2 5 0
3 8 0
0 0 0
0 0 0
0 0 0
0 0 0
1 2 0
2 4 0
0 0 0
2 5 0
2 5 0
3 8 0
0 0 0
0 0 0
0 0 0
0 0 0
0 0 0
0 0 0
0 0 0
0 0 0
0 0 0
0 0 0
0 0 0
2 5 0
2 5 0
3 8 0
0 0 0
0 0 0
0 0 0
0 0 0
0 0 0
0 0 0
0 0 0
0 0 0
0 0 0
0 0 0
0 0 0
2 5 0
3 7 0
3 7 0
0 0 0
0 0 0
0 0 0
0 0 0
0 0 0
0 0 0
0 0 0
0 0 0
0 0 0
0 0 0
0 0 0
0 0 0
0 0 0
0 0 0
2 5 0
2 5 0
3 8 0
0 0 0
0 0 0
0 0 0
2 5 0
3 7 0
3 7 0
2 8 0
4 13 0
6 22 0
6 22 0
8 28 0
8 28 0
0 0 0
2 5 0
2 5 0
3 8 0
0 0 0
2 5 0
3 6 0
0 0 0
0 0 0
0 0 0
4 11 0
7 22 0
9 30 0
11 35 0
13 40 0
14 42 0
14 42 0
17 50 0
18 52 0
18 52 0
3 7 0
5 12 0
7 16 0
7 16 0
8 18 0
2 8 0
4 13 0
6 22 0
6 22 0
8 28 0
8 28 0
2 5 0
2 5 0
3 7 0
2 5 0
2 5 0
3 8 0
0 0 0
0 0 0
2 5 0
3 6 0
3 7 0
5 12 0
7 15 0
8 16 0
0 0 0
0 0 0
0 0 0
0 0 0
0 0 0
0 0 0
3 7 0
5 12 0
6 14 0
8 18 0
8 18 0
4 11 0
7 22 0
9 30 0
11 35 0
13 40 0
13 40 0
14 42 0
17 50 0
17 50 0
18 52 0
2 5 0
3 7 0
3 7 0
2 8 0
4 13 0
4 13 0
6 22 0
8 28 0
8 28 0
0 0 0
2 5 0
2 5 0
3 8 0
0 0 0
0 0 0
1 2 0
2 4 0
0 0 0
1 2 0
1 2 0
2 4 0
4 8 0
5 10 0
1 2 0
1 2 0
2 4 0
2 4 0
3 6 0
3 6 0
6 12 0
8 16 0
9 18 0
0 0 0
1 2 0
1 2 0
2 4 0
2 4 0
3 6 0
3 6 0
4 8 0
8 16 0
11 22 0
13 26 0
14 28 0
0 0 0
0 0 0
0 0 0
0 0 0
0 0 0
0 0 0
0 0 0
0 0 0
0 0 0
0 0 0
0 0 0
0 0 0
2 5 0
3 7 0
3 7 0
0 0 0
0 0 0
0 0 0
0 0 0
3 7 0
5 12 0
7 16 0
8 18 0
8 18 0
2 5 0
3 7 0
3 7 0
0 0 0
0 0 0
0 0 0
0 0 0
0 0 0
0 0 0
0 0 0
0 0 0
0 0 0
0 0 0
2 5 0
5 12 0
5 12 0
6 17 0
7 20 0
7 20 0
2 5 0
2 5 0
3 8 0
0 0 0
0 0 0
0 0 0
0 0 0
1 2 0
1 2 0
2 4 0
0 0 0
2 11 0
5 22 0
7 27 0
10 35 0
12 47 0
12 47 0
14 56 0
14 56 0
16 62 0
17 65 0
2 5 0
3 7 0
3 7 0
2 8 0
4 13 0
6 22 0
6 22 0
8 28 0
8 28 0
2 5 0
5 12 0
5 12 0
6 17 0
7 20 0
7 20 0
0 0 0
2 5 0
2 5 0
3 8 0
0 0 0
0 0 0
0 0 0
0 0 0
1 2 0
2 4 0
0 0 0
1 2 0
1 2 0
2 4 0
4 8 0
5 10 0
2 5 0
3 6 0
0 0 0
0 0 0
0 0 0
4 11 0
8 22 0
10 30 0
12 35 0
15 46 0
16 48 0
16 48 0
19 56 0
20 58 0
20 58 0
3 14 0
6 28 0
8 39 0
11 50 0
13 55 0
16 63 0
19 78 0
22 93 10
22 93 10
25 105 10
27 117 10
27 117 10
30 126 10
32 132 10
32 132 10
3 7 0
5 12 0
7 16 0
7 16 0
8 18 0
2 8 0
4 13 0
6 22 0
6 22 0
8 28 0
8 28 0
2 11 0
5 22 0
7 27 0
10 35 0
12 47 10
12 47 10
14 56 10
14 56 10
16 62 10
17 65 10
2 5 0
2 5 0
3 7 0
2 5 0
2 5 0
3 8 0
3 7 0
5 12 0
5 12 0
6 17 0
7 20 0
7 20 0
0 0 0
0 0 0
0 0 0
0 0 0
1 2 0
1 2 0
2 4 0
0 0 0
1 2 0
1 2 0
2 4 0
4 8 0
5 10 0
1 2 0
1 2 0
2 4 0
2 4 0
3 6 0
3 6 0
6 12 0
8 16 0
9 18 0
2 5 0
3 6 0
3 7 0
5 12 0
6 13 0
8 16 0
0 0 0
0 0 0
0 0 0
0 0 0
0 0 0
0 0 0
3 14 0
6 28 0
8 39 0
11 50 0
13 55 0
16 63 0
20 78 10
23 93 10
23 93 10
26 105 10
28 117 10
28 117 10
31 126 10
33 132 10
33 132 10
3 7 0
5 12 0
6 14 0
8 18 0
8 18 0
4 11 0
8 22 0
10 30 0
12 35 0
15 46 0
15 46 0
16 48 0
19 56 0
19 56 0
20 58 0
2 11 0
5 22 0
8 30 0
10 35 0
12 47 0
12 47 0
14 56 0
14 56 0
16 62 0
17 65 0
2 5 0
3 7 0
3 7 0
2 8 0
4 13 0
4 13 0
6 22 0
8 28 0
8 28 0
2 5 0
5 12 0
5 12 0
6 17 0
7 20 0
7 20 0
0 0 0
2 5 0
2 5 0
3 8 0
0 0 0
0 0 0
0 0 0
0 0 0
1 2 0
3 6 0
4 9 0
5 12 0
0 0 0
1 2 0
3 6 0
3 6 0
4 8 0
6 12 0
7 15 0
9 20 0
10 23 0
12 28 0
0 0 0
2 4 0
3 6 0
3 6 0
5 10 0
6 12 0
6 12 0
8 16 0
9 18 0
11 23 0
12 26 0
15 33 0
17 38 0
18 41 0
21 48 0
1 2 0
1 2 0
3 6 0
4 8 0
4 8 0
6 12 0
7 14 0
7 14 0
9 18 0
10 20 0
10 20 0
12 24 0
15 31 0
17 36 0
18 39 0
22 48 0
25 55 0
27 60 0
28 63 0
32 72 0
0 0 0
1 2 0
2 4 0
0 0 0
1 2 0
1 2 0
2 4 0
3 6 0
5 10 0
0 0 0
1 2 0
1 2 0
2 4 0
2 4 0
3 6 0
5 10 0
6 12 0
9 18 0
1 2 0
1 2 0
2 4 0
2 4 0
3 6 0
3 6 0
4 8 0
4 8 0
7 14 0
9 18 0
10 20 0
14 28 0
0 0 0
0 0 0
0 0 0
0 0 0
0 0 0
0 0 0
0 0 0
0 0 0
0 0 0
0 0 0
2 5 0
2 5 0
3 8 0
0 0 0
0 0 0
0 0 0
2 8 0
4 13 0
6 22 0
6 22 0
8 28 0
8 28 0
2 5 0
3 7 0
3 7 0
2 5 0
2 5 0
3 8 0
0 0 0
0 0 0
2 5 0
3 6 0
0 0 0
0 0 0
0 0 0
3 7 0
5 12 0
7 16 0
8 18 0
8 18 0
4 11 0
8 22 0
10 30 0
12 35 0
15 46 0
16 48 0
16 48 0
19 56 0
20 58 0
20 58 0
2 5 0
3 7 0
3 7 0
2 8 0
4 13 0
6 22 0
6 22 0
8 28 0
8 28 0
0 0 0
2 5 0
2 5 0
3 8 0
0 0 0
2 5 0
3 6 0
3 7 0
5 12 0
7 15 0
8 16 0
0 0 0
0 0 0
0 0 0
0 0 0
0 0 0
0 0 0
2 5 0
3 7 0
3 7 0
0 0 0
0 0 0
0 0 0
0 0 0
3 7 0
5 12 0
7 16 0
8 18 0
8 18 0
2 5 0
3 7 0
3 7 0
0 0 0
0 0 0
0 0 0
0 0 0
0 0 0
0 0 0
0 0 0
0 0 0
0 0 0
3 7 0
5 12 0
7 16 0
7 16 0
8 18 0
2 5 0
2 5 0
3 7 0
0 0 0
0 0 0
0 0 0
0 0 0
0 0 0
0 0 0
0 0 0
2 5 0
3 7 0
3 7 0
0 0 0
0 0 0
0 0 0
0 0 0
3 7 0
5 12 0
6 14 0
8 18 0
8 18 0
2 5 0
3 7 0
3 7 0
0 0 0
0 0 0
0 0 0
0 0 0
0 0 0
0 0 0
0 0 0
0 0 0
0 0 0
0 0 0
0 0 0
0 0 0
0 0 0
2 5 0
2 5 0
3 8 0
0 0 0
0 0 0
2 8 0
4 13 0
6 22 0
6 22 0
8 28 0
8 28 0
2 5 0
2 5 0
3 7 0
2 5 0
2 5 0
3 8 0
0 0 0
0 0 0
2 5 0
3 6 0
0 0 0
0 0 0
0 0 0
2 5 0
3 7 0
3 7 0
2 8 0
4 13 0
4 13 0
6 22 0
8 28 0
8 28 0
0 0 0
2 5 0
2 5 0
3 8 0
0 0 0
0 0 0
1 2 0
2 4 0
1 2 0
1 2 0
2 4 0
2 4 0
4 8 0
5 10 0
0 0 0
1 2 0
1 2 0
2 4 0
2 4 0
3 6 0
6 12 0
8 16 0
9 18 0
0 0 0
0 0 0
0 0 0
0 0 0
0 0 0
0 0 0
0 0 0
0 0 0
2 5 0
3 7 0
3 7 0
0 0 0
0 0 0
0 0 0
0 0 0
0 0 0
0 0 0
0 0 0
2 5 0
5 12 0
5 12 0
6 17 0
7 20 0
7 20 0
0 0 0
2 5 0
2 5 0
3 8 0
0 0 0
0 0 0
0 0 0
0 0 0
1 2 0
2 4 0
0 0 0
2 8 0
4 13 0
6 22 0
6 22 0
8 28 0
8 28 0
2 11 0
5 22 0
7 27 0
10 35 0
12 47 0
12 47 0
14 56 0
14 56 0
16 62 0
17 65 0
2 5 0
2 5 0
3 7 0
2 5 0
2 5 0
3 8 0
3 7 0
5 12 0
5 12 0
6 17 0
7 20 0
7 20 0
0 0 0
0 0 0
0 0 0
0 0 0
0 0 0
1 2 0
2 4 0
1 2 0
1 2 0
2 4 0
2 4 0
4 8 0
5 10 0
2 5 0
3 6 0
0 0 0
0 0 0
0 0 0
2 5 0
2 5 0
3 8 0
0 0 0
0 0 0
0 0 0
2 5 0
3 7 0
3 7 0
2 8 0
4 13 0
6 22 0
6 22 0
8 28 0
8 28 0
0 0 0
2 5 0
2 5 0
3 8 0
0 0 0
2 5 0
3 6 0
0 0 0
0 0 0
0 0 0
2 5 0
3 7 0
3 7 0
0 0 0
0 0 0
0 0 0
0 0 0
2 5 0
2 5 0
3 7 0
0 0 0
0 0 0
0 0 0
0 0 0
0 0 0
0 0 0
2 5 0
3 7 0
3 7 0
0 0 0
0 0 0
0 0 0
0 0 0
0 0 0
0 0 0
0 0 0
0 0 0
2 5 0
2 5 0
3 8 0
0 0 0
0 0 0
0 0 0
0 0 0
0 0 0
0 0 0
0 0 0
0 0 0
2 5 0
2 5 0
3 8 0
3 7 0
5 12 0
5 12 0
6 17 0
7 20 0
7 20 0
0 0 0
0 0 0
0 0 0
0 0 0
1 2 0
1 2 0
2 4 0
0 0 0
0 0 0
2 5 0
2 5 0
3 8 0
0 0 0
0 0 0
0 0 0
0 0 0
0 0 0
0 0 0
0 0 0
0 0 0
0 0 0
0 0 0
0 0 0
0 0 0
0 0 0
0 0 0
0 0 0
2 5 0
3 7 0
3 7 0
0 0 0
0 0 0
0 0 0
0 0 0
0 0 0
0 0 0
0 0 0
0 0 0
0 0 0
0 0 0
0 0 0
0 0 0
3 7 0
5 12 0
6 14 0
8 18 0
8 18 0
2 5 0
3 7 0
3 7 0
0 0 0
0 0 0
0 0 0
0 0 0
0 0 0
0 0 0
0 0 0
0 0 0
0 0 0
0 0 0
0 0 0
0 0 0
0 0 0
0 0 0
0 0 0
0 0 0
0 0 0
0 0 0
0 0 0
0 0 0
0 0 0
0 0 0
0 0 0
0 0 0
0 0 0
0 0 0
0 0 0
0 0 0
0 0 0
0 0 0
0 0 0
0 0 0
0 0 0
0 0 0
2 5 0
2 5 0
3 8 0
0 0 0
0 0 0
0 0 0
0 0 0
0 0 0
0 0 0
0 0 0
0 0 0
0 0 0
0 0 0
0 0 0
0 0 0
0 0 0
0 0 0
0 0 0
2 5 0
2 5 0
3 8 0
0 0 0
0 0 0
0 0 0
2 8 0
4 13 0
6 22 0
6 22 0
8 28 0
8 28 0
2 5 0
3 7 0
3 7 0
2 5 0
2 5 0
3 8 0
0 0 0
0 0 0
2 5 0
3 6 0
0 0 0
0 0 0
0 0 0
2 5 0
3 7 0
3 7 0
2 8 0
4 13 0
6 22 0
6 22 0
8 28 0
8 28 0
0 0 0
2 5 0
2 5 0
3 8 0
0 0 0
0 0 0
1 2 0
2 4 0
0 0 0
1 2 0
1 2 0
2 4 0
3 6 0
5 10 0
0 0 0
1 2 0
1 2 0
2 4 0
2 4 0
3 6 0
5 10 0
6 12 0
9 18 0
0 0 0
0 0 0
0 0 0
0 0 0
0 0 0
0 0 0
0 0 0
0 0 0
2 5 0
3 7 0
3 7 0
0 0 0
0 0 0
0 0 0
0 0 0
0 0 0
0 0 0
2 5 0
3 7 0
3 7 0
0 0 0
0 0 0
0 0 0
0 0 0
2 5 0
3 7 0
3 7 0
0 0 0
0 0 0
0 0 0
0 0 0
0 0 0
0 0 0
0 0 0
0 0 0
2 5 0
2 5 0
3 8 0
0 0 0
0 0 0
0 0 0
0 0 0
0 0 0
0 0 0
0 0 0
0 0 0
0 0 0
0 0 0
0 0 0
0 0 0
0 0 0
0 0 0
0 0 0
0 0 0
0 0 0
0 0 0
0 0 0
0 0 0
0 0 0
0 0 0
0 0 0
0 0 0
0 0 0
0 0 0
0 0 0
0 0 0
0 0 0
2 5 0
3 7 0
3 7 0
0 0 0
0 0 0
0 0 0
0 0 0
2 5 0
3 7 0
3 7 0
0 0 0
0 0 0
0 0 0
0 0 0
0 0 0
0 0 0
0 0 0
0 0 0
0 0 0
0 0 0
0 0 0
0 0 0
0 0 0
0 0 0
1 2 0
3 6 0
4 9 0
5 12 0
0 0 0
0 0 0
1 2 0
2 4 0
0 0 0
0 0 0
0 0 0
1 2 0
2 4 0
0 0 0
0 0 0
0 0 0
1 2 0
2 4 0
0 0 0
0 0 0
0 0 0
0 0 0
0 0 0
0 0 0
0 0 0
0 0 0
0 0 0
1 2 0
3 6 0
4 9 0
5 12 0
0 0 0
0 0 0
1 2 0
2 4 0
0 0 0
0 0 0
0 0 0
1 2 0
3 6 0
4 9 0
5 12 0
0 0 0
2 4 0
3 6 0
3 6 0
5 10 0
6 12 0
8 17 0
9 20 0
11 25 0
12 28 0
0 0 0
1 2 0
1 2 0
2 4 0
4 8 0
5 10 0
0 0 0
0 0 0
0 0 0
0 0 0
0 0 0
0 0 0
0 0 0
1 2 0
2 4 0
1 2 0
1 2 0
2 4 0
2 4 0
4 8 0
5 10 0
0 0 0
1 2 0
1 2 0
2 4 0
4 8 0
5 10 0
5 10 0
0 0 0
0 0 0
0 0 0
2 4 0
3 6 0
4 9 0
5 12 0
0 0 0
0 0 0
0 0 0
1 2 0
1 2 0
2 4 0
0 0 0
0 0 0
0 0 0
0 0 0
0 0 0
0 0 0
1 2 0
2 4 0
0 0 0
0 0 0
0 0 0
1 2 0
2 4 0
0 0 0
1 2 0
1 2 0
2 4 0
4 8 0
5 10 0
1 2 0
1 2 0
2 4 0
2 4 0
4 8 0
5 10 0
5 10 0
0 0 0
0 0 0
0 0 0
0 0 0
0 0 0
0 0 0
0 0 0
0 0 0
1 2 0
2 4 0
0 0 0
0 0 0
0 0 0
0 0 0
0 0 0
0 0 0
0 0 0
0 0 0
0 0 0
0 0 0
0 0 0
0 0 0
0 0 0
0 0 0
0 0 0
0 0 0
0 0 0
0 0 0
0 0 0
0 0 0
0 0 0
0 0 0
0 0 0
0 0 0
0 0 0
0 0 0
0 0 0
0 0 0
0 0 0
1 2 0
2 4 0
0 0 0
0 0 0
0 0 0
0 0 0
0 0 0
0 0 0
0 0 0
0 0 0
1 2 0
2 4 0
1 2 0
1 2 0
2 4 0
2 4 0
4 8 0
5 10 0
0 0 0
1 2 0
1 2 0
2 4 0
4 8 0
5 10 0
5 10 0
0 0 0
0 0 0
0 0 0
0 0 0
1 2 0
1 2 0
2 4 0
0 0 0
0 0 0
0 0 0
1 2 0
1 2 0
2 4 0
0 0 0
1 2 0
1 2 0
2 4 0
4 8 0
5 10 0
1 2 0
1 2 0
2 4 0
2 4 0
4 8 0
5 10 0
5 10 0
0 0 0
0 0 0
0 0 0
0 0 0
0 0 0
0 0 0
0 0 0
0 0 0
1 2 0
2 4 0
0 0 0
0 0 0
0 0 0
0 0 0
2 5 0
3 7 0
3 7 0
0 0 0
0 0 0
0 0 0
0 0 0
0 0 0
0 0 0
0 0 0
0 0 0
0 0 0
0 0 0
0 0 0
0 0 0
0 0 0
0 0 0
2 4 0
3 6 0
4 9 0
5 12 0
0 0 0
0 0 0
0 0 0
1 2 0
1 2 0
2 4 0
0 0 0
1 2 0
2 4 0
0 0 0
0 0 0
0 0 0
0 0 0
0 0 0
0 0 0
0 0 0
0 0 0
1 2 0
1 2 0
2 4 0
0 0 0
0 0 0
0 0 0
0 0 0
0 0 0
0 0 0
0 0 0
0 0 0
0 0 0
0 0 0
1 2 0
2 4 0
0 0 0
0 0 0
0 0 0
0 0 0
0 0 0
0 0 0
0 0 0
0 0 0
1 2 0
2 4 0
1 2 0
1 2 0
2 4 0
2 4 0
4 8 0
5 10 0
0 0 0
1 2 0
1 2 0
2 4 0
4 8 0
5 10 0
5 10 0
0 0 0
0 0 0
0 0 0
0 0 0
1 2 0
1 2 0
2 4 0
0 0 0
0 0 0
0 0 0
0 0 0
1 2 0
2 4 0
1 2 0
1 2 0
2 4 0
2 4 0
4 8 0
5 10 0
0 0 0
1 2 0
1 2 0
2 4 0
2 4 0
3 6 0
6 12 0
8 16 0
9 18 0
1 2 0
1 2 0
2 4 0
2 4 0
3 6 0
3 6 0
6 12 0
8 16 0
9 18 0
9 18 0
0 0 0
0 0 0
0 0 0
0 0 0
0 0 0
0 0 0
0 0 0
0 0 0
0 0 0
0 0 0
0 0 0
0 0 0
0 0 0
0 0 0
1 2 0
1 2 0
2 4 0
0 0 0
1 2 0
1 2 0
2 4 0
4 8 0
5 10 0
1 2 0
1 2 0
2 4 0
2 4 0
4 8 0
5 10 0
5 10 0
0 0 0
0 0 0
0 0 0
0 0 0
0 0 0
0 0 0
0 0 0
0 0 0
1 2 0
2 4 0
0 0 0
0 0 0
0 0 0
0 0 0
0 0 0
0 0 0
0 0 0
0 0 0
0 0 0
0 0 0
0 0 0
0 0 0
0 0 0
0 0 0
0 0 0
0 0 0
0 0 0
0 0 0
0 0 0
0 0 0
1 2 0
1 2 0
2 4 0
1 2 0
1 2 0
2 4 0
2 4 0
3 6 0
3 6 0
6 12 0
8 16 0
9 18 0
0 0 0
1 2 0
1 2 0
2 4 0
4 8 0
5 10 0
0 0 0
1 2 0
1 2 0
2 4 0
2 4 0
3 6 0
6 12 0
8 16 0
8 16 0
9 18 0
0 0 0
0 0 0
0 0 0
0 0 0
0 0 0
0 0 0
0 0 0
0 0 0
0 0 0
0 0 0
1 2 0
1 2 0
2 4 0
2 4 0
4 8 0
5 10 0
0 0 0
1 2 0
2 4 0
0 0 0
1 2 0
1 2 0
2 4 0
4 8 0
4 8 0
5 10 0
0 0 0
0 0 0
0 0 0
0 0 0
1 2 0
1 2 0
2 4 0
0 0 0
0 0 0
2 5 0
3 7 0
3 7 0
0 0 0
0 0 0
0 0 0
0 0 0
3 7 0
5 12 0
7 16 0
8 18 0
8 18 0
2 5 0
3 7 0
3 7 0
0 0 0
0 0 0
0 0 0
0 0 0
0 0 0
0 0 0
0 0 0
0 0 0
0 0 0
0 0 0
0 0 0
0 0 0
0 0 0
0 0 0
0 0 0
0 0 0
0 0 0
0 0 0
0 0 0
0 0 0
0 0 0
0 0 0
0 0 0
0 0 0
0 0 0
0 0 0
0 0 0
0 0 0
0 0 0
0 0 0
0 0 0
0 0 0
0 0 0
1 2 0
3 6 0
4 9 0
5 12 0
0 0 0
0 0 0
1 2 0
2 4 0
0 0 0
0 0 0
0 0 0
1 2 0
3 6 0
4 9 0
5 12 0
0 0 0
2 4 0
3 6 0
3 6 0
5 10 0
6 12 0
8 17 0
9 20 0
11 25 0
12 28 0
0 0 0
1 2 0
1 2 0
2 4 0
4 8 0
5 10 0
0 0 0
0 0 0
0 0 0
0 0 0
0 0 0
0 0 0
0 0 0
1 2 0
2 4 0
1 2 0
1 2 0
2 4 0
2 4 0
4 8 0
5 10 0
0 0 0
1 2 0
1 2 0
2 4 0
4 8 0
5 10 0
5 10 0
0 0 0
0 0 0
0 0 0
2 4 0
3 6 0
4 9 0
5 12 0
0 0 0
0 0 0
0 0 0
1 2 0
1 2 0
2 4 0
0 0 0
0 0 0
0 0 0
0 0 0
0 0 0
0 0 0
1 2 0
2 4 0
1 2 0
1 2 0
2 4 0
2 4 0
4 8 0
5 10 0
0 0 0
1 2 0
1 2 0
2 4 0
2 4 0
3 6 0
6 12 0
8 16 0
9 18 0
1 2 0
1 2 0
2 4 0
2 4 0
3 6 0
3 6 0
6 12 0
8 16 0
9 18 0
9 18 0
0 0 0
0 0 0
0 0 0
0 0 0
0 0 0
0 0 0
1 2 0
3 6 0
4 9 0
5 12 0
0 0 0
2 4 0
3 6 0
3 6 0
5 10 0
6 12 0
8 17 0
9 20 0
11 25 0
12 28 0
1 2 0
1 2 0
3 6 0
4 8 0
4 8 0
6 12 0
7 14 0
7 14 0
9 18 0
12 25 0
14 30 0
15 33 0
18 40 0
20 45 0
21 48 0
0 0 0
2 4 0
3 6 0
3 6 0
5 10 0
6 12 0
6 12 0
8 16 0
9 18 0
12 24 0
14 28 0
15 30 0
15 30 0
18 36 0
20 40 0
21 42 0
21 42 0
0 0 0
1 2 0
1 2 0
2 4 0
4 8 0
5 10 0
1 2 0
1 2 0
2 4 0
2 4 0
3 6 0
3 6 0
6 12 0
8 16 0
9 18 0
0 0 0
0 0 0
0 0 0
0 0 0
0 0 0
0 0 0
0 0 0
0 0 0
0 0 0
0 0 0
0 0 0
0 0 0
0 0 0
1 2 0
1 2 0
2 4 0
0 0 0
1 2 0
1 2 0
2 4 0
4 8 0
5 10 0
1 2 0
1 2 0
2 4 0
2 4 0
4 8 0
5 10 0
5 10 0
0 0 0
0 0 0
0 0 0
2 4 0
3 6 0
4 9 0
5 12 0
1 2 0
1 2 0
3 6 0
4 8 0
4 8 0
6 12 0
8 17 0
9 20 0
11 25 0
12 28 0
1 2 0
1 2 0
2 4 0
2 4 0
4 8 0
5 10 0
0 0 0
0 0 0
0 0 0
0 0 0
0 0 0
0 0 0
0 0 0
1 2 0
2 4 0
1 2 0
1 2 0
3 6 0
4 9 0
5 12 0
0 0 0
0 0 0
0 0 0
0 0 0
0 0 0
2 5 0
2 5 0
3 7 0
0 0 0
0 0 0
0 0 0
0 0 0
0 0 0
0 0 0
0 0 0
0 0 0
0 0 0
0 0 0
0 0 0
0 0 0
0 0 0
0 0 0
2 4 0
3 6 0
4 9 0
5 12 0
1 2 0
1 2 0
3 6 0
4 8 0
4 8 0
6 12 0
8 17 0
9 20 0
11 25 0
12 28 0
0 0 0
2 4 0
3 6 0
3 6 0
5 10 0
6 12 0
6 12 0
8 16 0
9 18 0
12 25 0
14 30 0
15 33 0
18 40 0
20 45 0
21 48 0
1 2 0
1 2 0
3 6 0
4 8 0
4 8 0
6 12 0
7 14 0
7 14 0
9 18 0
12 24 0
14 28 0
15 30 0
15 30 0
18 36 0
20 40 0
21 42 0
21 42 0
1 2 0
1 2 0
2 4 0
2 4 0
4 8 0
5 10 0
0 0 0
1 2 0
1 2 0
2 4 0
2 4 0
3 6 0
6 12 0
8 16 0
9 18 0
0 0 0
0 0 0
0 0 0
0 0 0
0 0 0
0 0 0
0 0 0
0 0 0
0 0 0
0 0 0
0 0 0
0 0 0
0 0 0
1 2 0
1 2 0
2 4 0
1 2 0
1 2 0
2 4 0
2 4 0
3 6 0
3 6 0
6 12 0
8 16 0
9 18 0
0 0 0
1 2 0
1 2 0
2 4 0
4 8 0
5 10 0
0 0 0
1 2 0
1 2 0
2 4 0
2 4 0
3 6 0
6 12 0
8 16 0
8 16 0
9 18 0
0 0 0
0 0 0
0 0 0
0 0 0
0 0 0
1 2 0
1 2 0
3 6 0
4 9 0
5 12 0
0 0 0
2 4 0
3 6 0
3 6 0
5 10 0
6 12 0
8 17 0
9 20 0
11 25 0
12 28 0
0 0 0
1 2 0
1 2 0
2 4 0
4 8 0
5 10 0
0 0 0
0 0 0
0 0 0
0 0 0
0 0 0
0 0 0
1 2 0
1 2 0
2 4 0
2 4 0
4 8 0
5 10 0
0 0 0
1 2 0
2 4 0
0 0 0
1 2 0
1 2 0
2 4 0
4 8 0
4 8 0
5 10 0
0 0 0
0 0 0
0 0 0
2 4 0
3 6 0
4 9 0
5 12 0
0 0 0
0 0 0
0 0 0
1 2 0
1 2 0
2 4 0
0 0 0
2 5 0
2 5 0
3 8 0
0 0 0
0 0 0
0 0 0
2 8 0
4 13 0
6 22 0
6 22 0
8 28 0
8 28 0
2 5 0
3 7 0
3 7 0
2 5 0
2 5 0
3 8 0
0 0 0
0 0 0
2 5 0
3 6 0
0 0 0
0 0 0
0 0 0
3 7 0
5 12 0
7 16 0
8 18 0
8 18 0
4 11 0
8 22 0
10 30 0
12 35 0
15 46 0
16 48 0
16 48 0
19 56 0
20 58 0
20 58 0
2 5 0
3 7 0
3 7 0
2 8 0
4 13 0
6 22 0
6 22 0
8 28 0
8 28 0
0 0 0
2 5 0
2 5 0
3 8 0
0 0 0
2 5 0
3 6 0
3 7 0
5 12 0
7 15 0
8 16 0
0 0 0
0 0 0
0 0 0
0 0 0
0 0 0
0 0 0
0 0 0
0 0 0
2 5 0
3 7 0
3 7 0
0 0 0
0 0 0
0 0 0
0 0 0
3 7 0
5 12 0
7 16 0
8 18 0
8 18 0
2 5 0
3 7 0
3 7 0
0 0 0
0 0 0
0 0 0
0 0 0
0 0 0
0 0 0
0 0 0
0 0 0
1 2 0
2 4 0
0 0 0
0 0 0
0 0 0
1 2 0
2 4 0
0 0 0
1 2 0
1 2 0
2 4 0
4 8 0
5 10 0
1 2 0
1 2 0
2 4 0
2 4 0
4 8 0
5 10 0
5 10 0
0 0 0
0 0 0
0 0 0
0 0 0
0 0 0
0 0 0
0 0 0
0 0 0
1 2 0
2 4 0
0 0 0
0 0 0
0 0 0
0 0 0
0 0 0
0 0 0
0 0 0
0 0 0
0 0 0
0 0 0
0 0 0
0 0 0
0 0 0
0 0 0
0 0 0
1 2 0
2 4 0
0 0 0
1 2 0
1 2 0
2 4 0
4 8 0
5 10 0
1 2 0
1 2 0
2 4 0
2 4 0
3 6 0
3 6 0
6 12 0
8 16 0
9 18 0
0 0 0
1 2 0
1 2 0
2 4 0
2 4 0
3 6 0
6 12 0
8 16 0
9 18 0
9 18 0
0 0 0
0 0 0
0 0 0
0 0 0
0 0 0
0 0 0
0 0 0
0 0 0
0 0 0
0 0 0
0 0 0
1 2 0
2 4 0
1 2 0
1 2 0
2 4 0
2 4 0
4 8 0
5 10 0
0 0 0
1 2 0
1 2 0
2 4 0
4 8 0
5 10 0
5 10 0
0 0 0
0 0 0
0 0 0
0 0 0
1 2 0
1 2 0
2 4 0
0 0 0
0 0 0
0 0 0
0 0 0
0 0 0
0 0 0
0 0 0
0 0 0
0 0 0
0 0 0
0 0 0
0 0 0
0 0 0
0 0 0
0 0 0
0 0 0
0 0 0
0 0 0
0 0 0
0 0 0
0 0 0
0 0 0
0 0 0
0 0 0
0 0 0
0 0 0
0 0 0
0 0 0
0 0 0
0 0 0
0 0 0
0 0 0
0 0 0
0 0 0
0 0 0
0 0 0
0 0 0
0 0 0
0 0 0
0 0 0
0 0 0
0 0 0
0 0 0
0 0 0
0 0 0
0 0 0
0 0 0
0 0 0
0 0 0
0 0 0
0 0 0
0 0 0
0 0 0
0 0 0
0 0 0
0 0 0
0 0 0
0 0 0
0 0 0
0 0 0
0 0 0
0 0 0
0 0 0
0 0 0
0 0 0
0 0 0
0 0 0
0 0 0
0 0 0
0 0 0
0 0 0
0 0 0
0 0 0
0 0 0
0 0 0
1 2 0
1 2 0
2 4 0
1 2 0
1 2 0
2 4 0
0 0 0
1 2 0
1 2 0
2 4 0
4 8 0
5 10 0
1 2 0
1 2 0
2 4 0
2 4 0
4 8 0
5 10 0
5 10 0
0 0 0
0 0 0
0 0 0
0 0 0
0 0 0
0 0 0
0 0 0
0 0 0
1 2 0
2 4 0
0 0 0
0 0 0
0 0 0
0 0 0
0 0 0
0 0 0
0 0 0
0 0 0
0 0 0
0 0 0
1 2 0
1 2 0
2 4 0
2 4 0
4 8 0
5 10 0
0 0 0
1 2 0
2 4 0
0 0 0
1 2 0
1 2 0
2 4 0
4 8 0
4 8 0
5 10 0
0 0 0
0 0 0
0 0 0
0 0 0
1 2 0
1 2 0
2 4 0
0 0 0
0 0 0
2 5 0
3 7 0
3 7 0
0 0 0
0 0 0
0 0 0
0 0 0
0 0 0
0 0 0
0 0 0
0 0 0
0 0 0
0 0 0
0 0 0
0 0 0
0 0 0
0 0 0
2 4 0
3 6 0
4 9 0
5 12 0
0 0 0
0 0 0
0 0 0
1 2 0
1 2 0
2 4 0
1 2 0
1 2 0
2 4 0
0 0 0
1 2 0
1 2 0
2 4 0
4 8 0
5 10 0
1 2 0
1 2 0
2 4 0
2 4 0
4 8 0
5 10 0
5 10 0
0 0 0
0 0 0
0 0 0
2 4 0
3 6 0
4 9 0
5 12 0
1 2 0
1 2 0
3 6 0
4 8 0
4 8 0
6 12 0
8 17 0
9 20 0
11 25 0
12 28 0
1 2 0
1 2 0
2 4 0
2 4 0
4 8 0
5 10 0
0 0 0
0 0 0
0 0 0
0 0 0
0 0 0
0 0 0
0 0 0
1 2 0
2 4 0
1 2 0
1 2 0
3 6 0
4 9 0
5 12 0
0 0 0
0 0 0
0 0 0
0 0 0
0 0 0
0 0 0
0 0 0
0 0 0
0 0 0
1 2 0
2 4 0
0 0 0
0 0 0
0 0 0
0 0 0
0 0 0
0 0 0
0 0 0
0 0 0
1 2 0
2 4 0
1 2 0
1 2 0
2 4 0
2 4 0
4 8 0
5 10 0
0 0 0
1 2 0
1 2 0
2 4 0
4 8 0
5 10 0
5 10 0
0 0 0
0 0 0
0 0 0
0 0 0
1 2 0
1 2 0
2 4 0
0 0 0
0 0 0
0 0 0
0 0 0
0 0 0
0 0 0
0 0 0
0 0 0
0 0 0
0 0 0
0 0 0
0 0 0
0 0 0
0 0 0
0 0 0
0 0 0
0 0 0
0 0 0
0 0 0
0 0 0
0 0 0
0 0 0
0 0 0
0 0 0
0 0 0
0 0 0
0 0 0
1 2 0
2 4 0
0 0 0
0 0 0
0 0 0
0 0 0
0 0 0
1 2 0
2 4 0
1 2 0
1 2 0
3 6 0
4 9 0
5 12 0
0 0 0
0 0 0
0 0 0
0 0 0
0 0 0
1 2 0
1 2 0
2 4 0
0 0 0
0 0 0
0 0 0
0 0 0
0 0 0
0 0 0
0 0 0
0 0 0
0 0 0
0 0 0
0 0 0
0 0 0
0 0 0
0 0 0
0 0 0
0 0 0
0 0 0
0 0 0
0 0 0
0 0 0
0 0 0
0 0 0
0 0 0
0 0 0
0 0 0
0 0 0
0 0 0
0 0 0
0 0 0
0 0 0
1 2 0
2 4 0
0 0 0
0 0 0
0 0 0
0 0 0
0 0 0
0 0 0
0 0 0
0 0 0
0 0 0
1 2 0
2 4 0
0 0 0
0 0 0
0 0 0
1 2 0
2 4 0
0 0 0
1 2 0
1 2 0
2 4 0
4 8 0
5 10 0
1 2 0
1 2 0
2 4 0
2 4 0
4 8 0
5 10 0
5 10 0
0 0 0
0 0 0
0 0 0
0 0 0
0 0 0
0 0 0
0 0 0
0 0 0
1 2 0
2 4 0
0 0 0
0 0 0
0 0 0
0 0 0
0 0 0
0 0 0
0 0 0
0 0 0
0 0 0
0 0 0
0 0 0
1 2 0
2 4 0
1 2 0
1 2 0
2 4 0
2 4 0
4 8 0
5 10 0
0 0 0
1 2 0
1 2 0
2 4 0
4 8 0
5 10 0
5 10 0
0 0 0
0 0 0
0 0 0
0 0 0
1 2 0
1 2 0
2 4 0
0 0 0
0 0 0
2 5 0
3 7 0
3 7 0
0 0 0
0 0 0
0 0 0
0 0 0
0 0 0
0 0 0
0 0 0
0 0 0
0 0 0
0 0 0
0 0 0
0 0 0
0 0 0
0 0 0
0 0 0
0 0 0
0 0 0
0 0 0
0 0 0
0 0 0
0 0 0
0 0 0
0 0 0
0 0 0
0 0 0
0 0 0
0 0 0
0 0 0
0 0 0
0 0 0
1 2 0
2 4 0
0 0 0
0 0 0
0 0 0
0 0 0
0 0 0
0 0 0
0 0 0
0 0 0
0 0 0
0 0 0
0 0 0
0 0 0
0 0 0
0 0 0
0 0 0
0 0 0
0 0 0
0 0 0
0 0 0
0 0 0
0 0 0
0 0 0
0 0 0
0 0 0
0 0 0
0 0 0
0 0 0
0 0 0
0 0 0
0 0 0
0 0 0
0 0 0
0 0 0
0 0 0
0 0 0
2 5 0
2 5 0
3 8 0
0 0 0
0 0 0
0 0 0
0 0 0
0 0 0
0 0 0
0 0 0
0 0 0
0 0 0
0 0 0
0 0 0
0 0 0
0 0 0
0 0 0
0 0 0
0 0 0
0 0 0
0 0 0
0 0 0
0 0 0
0 0 0
0 0 0
0 0 0
0 0 0
0 0 0
0 0 0
0 0 0
0 0 0
0 0 0
0 0 0
0 0 0
0 0 0
0 0 0
0 0 0
0 0 0
0 0 0
0 0 0
0 0 0
0 0 0
0 0 0
0 0 0
0 0 0
0 0 0
0 0 0
0 0 0
0 0 0
0 0 0
0 0 0
0 0 0
0 0 0
2 5 0
3 7 0
3 7 0
0 0 0
0 0 0
0 0 0
0 0 0
2 5 0
2 5 0
3 7 0
0 0 0
0 0 0
0 0 0
0 0 0
0 0 0
0 0 0
0 0 0
0 0 0
0 0 0
0 0 0
0 0 0
0 0 0
0 0 0
2 5 0
2 5 0
3 7 0
0 0 0
0 0 0
0 0 0
0 0 0
0 0 0
0 0 0
2 5 0
3 7 0
3 7 0
0 0 0
0 0 0
0 0 0
0 0 0
0 0 0
0 0 0
0 0 0
0 0 0
0 0 0
0 0 0
0 0 0
0 0 0
0 0 0
0 0 0
0 0 0
0 0 0
0 0 0
0 0 0
0 0 0
0 0 0
0 0 0
0 0 0
0 0 0
0 0 0
0 0 0
0 0 0
0 0 0
0 0 0
0 0 0
0 0 0
0 0 0
0 0 0
0 0 0
0 0 0
0 0 0
0 0 0
0 0 0
0 0 0
0 0 0
0 0 0
2 5 0
2 5 0
3 8 0
0 0 0
0 0 0
0 0 0
0 0 0
0 0 0
0 0 0
0 0 0
0 0 0
0 0 0
0 0 0
0 0 0
0 0 0
0 0 0
0 0 0
0 0 0
0 0 0
2 5 0
3 7 0
3 7 0
0 0 0
0 0 0
0 0 0
0 0 0
2 5 0
2 5 0
3 7 0
0 0 0
0 0 0
0 0 0
0 0 0
0 0 0
0 0 0
0 0 0
0 0 0
2 5 0
2 5 0
3 8 0
0 0 0
0 0 0
0 0 0
2 5 0
3 7 0
3 7 0
2 8 0
4 13 0
6 22 0
6 22 0
8 28 0
8 28 0
0 0 0
2 5 0
2 5 0
3 8 0
0 0 0
2 5 0
3 6 0
0 0 0
0 0 0
0 0 0
2 8 0
4 13 0
6 22 0
6 22 0
8 28 0
8 28 0
2 5 0
2 5 0
3 7 0
2 5 0
2 5 0
3 8 0
0 0 0
0 0 0
0 0 0
1 2 0
2 4 0
0 0 0
1 2 0
1 2 0
2 4 0
4 8 0
5 10 0
1 2 0
1 2 0
2 4 0
2 4 0
3 6 0
3 6 0
6 12 0
8 16 0
9 18 0
0 0 0
0 0 0
0 0 0
0 0 0
0 0 0
0 0 0
0 0 0
0 0 0
2 5 0
3 7 0
3 7 0
0 0 0
0 0 0
0 0 0
0 0 0
0 0 0
0 0 0
0 0 0
0 0 0
0 0 0
0 0 0
0 0 0
0 0 0
2 5 0
2 5 0
3 8 0
0 0 0
0 0 0
0 0 0
0 0 0
0 0 0
0 0 0
0 0 0
0 0 0
0 0 0
0 0 0
0 0 0
0 0 0
0 0 0
0 0 0
0 0 0
0 0 0
2 5 0
2 5 0
3 8 0
0 0 0
0 0 0
2 8 0
4 13 0
6 22 0
6 22 0
8 28 0
8 28 0
2 5 0
2 5 0
3 7 0
2 5 0
2 5 0
3 8 0
0 0 0
0 0 0
2 5 0
3 6 0
0 0 0
0 0 0
0 0 0
2 5 0
3 7 0
3 7 0
2 8 0
4 13 0
4 13 0
6 22 0
8 28 0
8 28 0
0 0 0
2 5 0
2 5 0
3 8 0
0 0 0
0 0 0
1 2 0
2 4 0
1 2 0
1 2 0
2 4 0
2 4 0
4 8 0
5 10 0
0 0 0
1 2 0
1 2 0
2 4 0
2 4 10
3 6 10
6 12 10
8 16 10
9 18 10
0 0 0
0 0 0
0 0 0
0 0 0
0 0 0
0 0 0
0 0 0
0 0 0
2 5 0
3 7 0
3 7 0
0 0 0
0 0 0
0 0 0
0 0 0
2 5 0
2 5 0
3 7 0
0 0 0
0 0 0
0 0 0
0 0 0
0 0 0
0 0 0
2 5 0
3 7 0
3 7 0
0 0 0
0 0 0
0 0 0
0 0 0
0 0 0
0 0 0
0 0 0
0 0 0
2 5 0
2 5 0
3 8 0
0 0 0
0 0 0
0 0 0
0 0 0
0 0 0
0 0 0
0 0 0
0 0 0
0 0 0
0 0 0
0 0 0
0 0 0
0 0 0
1 2 0
2 4 0
0 0 0
0 0 0
0 0 0
1 2 0
2 4 0
0 0 0
1 2 0
1 2 0
2 4 0
4 8 0
5 10 0
1 2 0
1 2 0
2 4 0
2 4 0
4 8 0
5 10 0
5 10 0
0 0 0
0 0 0
0 0 0
0 0 0
0 0 0
0 0 0
0 0 0
0 0 0
1 2 0
2 4 0
0 0 0
0 0 0
0 0 0
0 0 0
0 0 0
0 0 0
0 0 0
0 0 0
0 0 0
0 0 0
0 0 0
0 0 0
0 0 0
0 0 0
0 0 0
1 2 0
2 4 10
0 0 0
1 2 0
1 2 0
2 4 0
4 8 0
5 10 0
1 2 0
1 2 0
2 4 0
2 4 0
3 6 0
3 6 0
6 12 0
8 16 0
9 18 0
0 0 0
1 2 0
1 2 0
2 4 0
2 4 0
3 6 0
6 12 0
8 16 0
9 18 0
9 18 0
0 0 0
0 0 0
0 0 0
0 0 0
0 0 0
0 0 0
0 0 0
0 0 0
0 0 0
0 0 0
0 0 0
1 2 0
2 4 0
1 2 0
1 2 0
2 4 0
2 4 0
4 8 0
5 10 0
0 0 0
1 2 0
1 2 0
2 4 0
4 8 0
5 10 0
5 10 0
0 0 0
0 0 0
0 0 0
0 0 0
1 2 0
1 2 0
2 4 0
0 0 0
0 0 0
0 0 0
0 0 0
0 0 0
0 0 0
0 0 0
0 0 0
0 0 0
0 0 0
0 0 0
0 0 0
0 0 0
0 0 0
0 0 0
0 0 0
0 0 0
0 0 0
0 0 0
0 0 0
0 0 0
0 0 0
0 0 0
0 0 0
0 0 0
0 0 0
0 0 0
0 0 0
0 0 0
0 0 0
0 0 0
0 0 0
0 0 0
0 0 0
0 0 0
0 0 0
0 0 0
0 0 0
0 0 0
0 0 0
0 0 0
0 0 0
2 5 0
3 7 0
3 7 0
0 0 0
0 0 0
0 0 0
0 0 0
2 5 0
3 7 0
3 7 0
0 0 0
0 0 0
0 0 0
0 0 0
0 0 0
0 0 0
0 0 0
0 0 0
0 0 0
0 0 0
0 0 0
0 0 0
0 0 0
0 0 0
0 0 0
0 0 0
0 0 0
0 0 0
0 0 0
0 0 0
0 0 0
0 0 0
0 0 0
0 0 0
0 0 0
0 0 0
0 0 0
0 0 0
0 0 0
0 0 0
0 0 0
0 0 0
0 0 0
0 0 0
0 0 0
0 0 0
0 0 0
0 0 0
0 0 0
0 0 0
0 0 0
0 0 0
0 0 0
2 5 0
2 5 0
3 8 0
0 0 0
0 0 0
0 0 0
0 0 0
0 0 0
0 0 0
0 0 0
0 0 0
0 0 0
0 0 0
0 0 0
0 0 0
0 0 0
0 0 0
0 0 0
0 0 0
0 0 0
0 0 0
0 0 0
0 0 0
0 0 0
0 0 0
0 0 0
0 0 0
0 0 0
0 0 0
0 0 0
0 0 0
0 0 0
0 0 0
0 0 0
0 0 0
0 0 0
0 0 0
0 0 0
0 0 0
1 2 0
2 4 0
0 0 0
0 0 0
0 0 0
0 0 0
0 0 0
0 0 0
0 0 0
0 0 0
0 0 0
0 0 0
0 0 0
0 0 0
0 0 0
0 0 0
0 0 0
0 0 0
0 0 0
0 0 0
0 0 0
0 0 0
0 0 0
0 0 0
0 0 0
0 0 0
0 0 0
0 0 0
0 0 0
0 0 0
0 0 0
0 0 0
0 0 0
0 0 0
0 0 0
0 0 0
0 0 0
0 0 0
0 0 0
0 0 0
0 0 0
0 0 0
0 0 0
0 0 0
0 0 0
0 0 0
0 0 0
0 0 0
0 0 0
0 0 0
0 0 0
0 0 0
0 0 0
0 0 0
0 0 0
0 0 0
0 0 0
0 0 0
0 0 0
0 0 0
0 0 0
0 0 0
0 0 0
0 0 0
0 0 0
0 0 0
0 0 0
1 2 0
2 4 0
0 0 0
0 0 0
0 0 0
0 0 0
0 0 0
0 0 0
0 0 0
0 0 0
0 0 0
0 0 0
0 0 0
0 0 0
0 0 0
0 0 0
0 0 0
0 0 0
0 0 0
0 0 0
0 0 0
0 0 0
0 0 0
0 0 0
0 0 0
0 0 0
0 0 0
1 2 0
2 4 0
0 0 0
0 0 0
0 0 0
0 0 0
0 0 0
0 0 0
0 0 0
0 0 0
1 2 0
2 4 0
1 2 0
1 2 0
2 4 0
2 4 0
4 8 0
5 10 0
0 0 0
1 2 0
1 2 0
2 4 0
4 8 0
5 10 0
5 10 0
0 0 0
0 0 0
0 0 0
0 0 0
1 2 0
1 2 0
2 4 0
0 0 0
0 0 0
0 0 0
1 2 0
1 2 0
2 4 0
0 0 0
1 2 0
1 2 0
2 4 0
4 8 0
5 10 0
1 2 0
1 2 0
2 4 0
2 4 0
4 8 0
5 10 0
5 10 0
0 0 0
0 0 0
0 0 0
0 0 0
0 0 0
0 0 0
0 0 0
0 0 0
1 2 0
2 4 0
0 0 0
0 0 0
0 0 0
0 0 0
2 5 0
3 7 0
3 7 0
0 0 0
0 0 0
0 0 0
0 0 0
0 0 0
0 0 0
0 0 0
0 0 0
0 0 0
0 0 0
0 0 0
0 0 0
0 0 0
0 0 0
0 0 0
0 0 0
0 0 0
0 0 0
0 0 0
1 2 0
1 2 0
2 4 0
0 0 0
0 0 0
0 0 0
0 0 0
1 2 0
1 2 0
2 4 0
1 2 0
1 2 0
2 4 0
0 0 0
1 2 0
1 2 0
2 4 0
4 8 0
5 10 0
1 2 0
1 2 0
2 4 0
2 4 0
4 8 0
5 10 0
5 10 0
0 0 0
0 0 0
0 0 0
0 0 0
0 0 0
0 0 0
0 0 0
0 0 0
1 2 0
2 4 0
0 0 0
0 0 0
0 0 0
0 0 0
0 0 0
0 0 0
0 0 0
0 0 0
0 0 0
0 0 0
1 2 0
1 2 0
2 4 0
2 4 0
4 8 0
5 10 0
0 0 0
1 2 0
2 4 0
0 0 0
1 2 0
1 2 0
2 4 0
4 8 0
4 8 0
5 10 0
0 0 0
0 0 0
0 0 0
0 0 0
1 2 0
1 2 0
2 4 0
0 0 0
0 0 0
2 5 0
3 7 0
3 7 0
0 0 0
0 0 0
0 0 0
0 0 0
0 0 0
0 0 0
0 0 0
0 0 0
0 0 0
0 0 0
0 0 0
0 0 0
0 0 0
0 0 0
0 0 0
0 0 0
0 0 0
0 0 0
0 0 0
0 0 0
0 0 0
0 0 0
0 0 0
0 0 0
0 0 0
0 0 0
0 0 0
0 0 0
0 0 0
0 0 0
1 2 0
2 4 0
0 0 0
0 0 0
0 0 0
0 0 0
0 0 0
0 0 0
0 0 0
0 0 0
0 0 0
0 0 0
0 0 0
0 0 0
0 0 0
0 0 0
0 0 0
0 0 0
2 5 0
3 7 0
3 7 0
0 0 0
0 0 0
0 0 0
0 0 0
2 5 0
3 7 0
3 7 0
0 0 0
0 0 0
0 0 0
0 0 0
0 0 0
0 0 0
0 0 0
0 0 0
0 0 0
0 0 0
0 0 0
0 0 0
0 0 0
0 0 0
0 0 0
0 0 0
0 0 0
0 0 0
0 0 0
0 0 0
0 0 0
0 0 0
0 0 0
0 0 0
0 0 0
0 0 0
0 0 0
0 0 0
0 0 0
0 0 0
0 0 0
0 0 0
0 0 0
0 0 0
0 0 0
0 0 0
0 0 0
0 0 0
0 0 0
0 0 0
0 0 0
0 0 0
0 0 0
0 0 0
0 0 0
0 0 0
0 0 0
0 0 0
0 0 0
0 0 0
0 0 0
1 2 0
1 2 0
2 4 0
0 0 0
0 0 0
0 0 0
0 0 0
0 0 0
0 0 0
0 0 0
0 0 0
0 0 0
0 0 0
0 0 0
0 0 0
0 0 0
0 0 0
0 0 0
0 0 0
0 0 0
0 0 0
0 0 0
0 0 0
0 0 0
0 0 0
0 0 0
0 0 0
0 0 0
0 0 0
0 0 0
0 0 0
0 0 0
0 0 0
0 0 0
0 0 0
0 0 0
0 0 0
0 0 0
0 0 0
0 0 0
0 0 0
0 0 0
0 0 0
0 0 0
0 0 0
0 0 0
0 0 0
0 0 0
0 0 0
0 0 0
0 0 0
0 0 0
0 0 0
0 0 0
0 0 0
0 0 0
0 0 0
0 0 0
0 0 0
0 0 0
0 0 0
0 0 0
0 0 0
0 0 0
0 0 0
0 0 0
0 0 0
0 0 0
0 0 0
0 0 0
0 0 0
0 0 0
0 0 0
0 0 0
0 0 0
0 0 0
0 0 0
0 0 0
0 0 0
0 0 0
0 0 0
0 0 0
0 0 0
0 0 0
0 0 0
0 0 0
0 0 0
0 0 0
0 0 0
0 0 0
0 0 0
0 0 0
0 0 0
0 0 0
0 0 0
0 0 0
0 0 0
0 0 0
0 0 0
