#Read, #Constraints, SolvingTime(ms)
20 50 30
40 100 50
60 150 60
80 200 70
221 404 80
263 458 90
305 512 100
368 616 110
389 666 120
410 716 130
431 766 140
478 866 160
504 916 170
530 966 180
556 1016 190
613 1116 200
644 1166 210
675 1216 230
706 1266 240
773 1366 250
809 1416 260
845 1466 270
881 1516 290
958 1618 310
999 1670 330
1040 1722 350
1081 1774 370
93 148 20
123 188 30
153 228 40
196 304 50
209 340 60
222 376 70
236 412 80
250 448 90
264 484 100
297 556 110
316 592 120
335 628 130
378 700 140
402 736 150
426 772 160
476 846 170
502 884 180
531 922 190
8 10 0
29 32 0
66 68 10
87 85 10
12 22 10
24 44 20
53 88 40
70 110 50
106 156 60
125 180 70
193 274 70
216 300 80
250 348 90
261 370 100
14 17 0
31 34 0
48 51 10
69 72 20
87 91 20
103 108 20
119 125 30
152 163 40
66 100 30
94 136 40
125 172 50
147 204 60
169 236 70
194 268 80
219 300 90
244 332 100
267 363 110
293 394 120
312 425 130
335 457 140
361 489 150
393 524 160
412 556 170
455 622 190
475 656 200
11 14 0
25 28 0
35 42 0
53 60 0
90 108 0
119 140 10
132 154 20
11 22 10
22 44 20
34 66 30
46 88 40
75 132 60
92 154 70
128 200 80
147 224 90
219 318 110
242 344 120
33 38 20
66 76 40
83 93 50
100 110 60
121 131 60
139 150 60
155 167 70
171 184 80
18 20 0
35 38 0
51 51 0
31 38 0
64 76 0
72 93 0
85 110 0
106 131 0
124 150 0
140 167 10
156 184 20
8 5 10
9 5 10
13 17 10
22 29 20
42 55 20
79 97 20
6 3 0
18 13 0
26 14 0
50 70 20
71 96 20
102 144 30
112 166 40
137 210 50
152 232 60
187 278 70
207 302 80
236 348 90
245 370 100
33 38 10
66 76 10
83 93 20
100 110 20
121 131 30
139 150 30
155 167 30
171 184 30
22 24 0
41 41 0
48 51 10
67 73 10
8 5 10
31 33 10
50 61 10
51 61 10
60 73 20
80 99 20
31 38 0
64 76 10
72 93 10
89 110 10
110 131 10
128 150 10
144 167 20
160 184 30
6 8 10
20 26 30
45 51 40
2 0 0
10 5 0
14 9 10
2 0 0
2 0 0
20 13 0
20 24 0
38 48 10
52 70 20
65 85 20
6 3 0
25 27 0
45 51 0
61 73 0
11 22 20
22 44 30
49 88 40
65 110 50
102 156 60
123 180 70
197 274 80
219 300 90
251 348 100
261 370 100
6 10 10
23 32 10
39 47 10
56 71 20
3 3 10
17 23 20
30 41 20
5 3 0
22 27 0
40 51 0
54 73 0
10 5 0
2 0 0
10 5 10
19 24 10
39 48 20
55 70 30
70 85 40
6 3 0
28 27 10
48 51 10
67 73 10
2 0 0
10 5 0
2 0 0
6 10 0
23 32 10
54 68 10
71 85 10
4 8 0
17 26 0
39 51 0
4 3 0
9 11 0
21 29 10
19 24 10
39 48 10
55 70 20
70 85 20
22 24 20
41 41 30
48 51 40
67 73 60
18 13 0
26 14 0
2 0 0
5 3 0
11 13 0
25 35 0
50 71 0
4 8 10
17 26 10
29 39 10
